    1 N..... USE_LENGTH_UNITS(CANON_UNITS_MM)
    2 N..... SET_G5X_OFFSET(1, 0.0000, 0.0000, 0.0000, 0.0000, 0.0000, 0.0000)
    3 N..... SET_G92_OFFSET(0.0000, 0.0000, 0.0000, 0.0000, 0.0000, 0.0000)
    4 N..... SET_XY_ROTATION(0.0000)
    5 N..... SET_FEED_REFERENCE(CANON_XYZ)
    6 N..... ON_RESET()
    7 N..... COMMENT("Programm automatisch erzeugt")
    8 N..... COMMENT("Programmname: CSS_Wechsel")
    9 N..... COMMENT("Masseinheit: mm")
   10 N..... SELECT_PLANE(CANON_PLANE_XZ)
   11 N..... COMMENT("interpreter: Lathe diameter mode changed to diameter")
   12 N..... COMMENT("interpreter: cutter radius compensation off")
   13 N..... COMMENT("interpreter: motion mode set to none")
   14 N..... USE_LENGTH_UNITS(CANON_UNITS_MM)
   15 N..... COMMENT("interpreter: feed mode set to units per revolution")
   16 N..... SET_FEED_MODE(0, 1)
   17 N..... SET_FEED_RATE(0.0000)
   18 N..... COMMENT("interpreter: continuing to use same coordinate system")
   19 N..... COMMENT("=== SICHERHEITSPARAMETER ===")
   20 N..... COMMENT("Werkzeugwechselpunkt: X150.000 Z300.000 Werkstueckkoordinaten")
   21 N..... COMMENT("Rueckzugsebenen: XRA=40.000 XRI=0.000")
   22 N..... COMMENT("ZRA=2.000 ZRI=-60.000")
   23 N..... COMMENT("Rohteil Aussendurchmesser: 40.000 mm")
   24 N..... COMMENT("Rohteil Z-Bereich: 0.000 bis -55.000 mm")
   25 N..... COMMENT("=== END SICHERHEITSPARAMETER ===")
   26 N..... COMMENT("=== Subroutine Definitions ===")
   27 N..... COMMENT("=== End Subroutines ===")
   28 N..... COMMENT("Werkzeug T01")
   29 N..... STRAIGHT_TRAVERSE(0.0000, 0.0000, 2.0000, 0.0000, 0.0000, 0.0000)
   30 N..... STRAIGHT_TRAVERSE(40.0000, 0.0000, 2.0000, 0.0000, 0.0000, 0.0000)
   31 N..... STOP_SPINDLE_TURNING(0)
   32 N..... MIST_OFF()
   33 N..... FLOOD_OFF()
   34 N..... COMMENT("Toolchange move")
   35 N..... STRAIGHT_TRAVERSE(75.0000, 0.0000, 300.0000, 0.0000, 0.0000, 0.0000)
   36 N..... SELECT_TOOL(1)
   37 N..... STOP_SPINDLE_TURNING(0)
   38 N..... CHANGE_TOOL()
   39 N..... STRAIGHT_TRAVERSE(40.0000, 0.0000, 2.0000, 0.0000, 0.0000, 0.0000)
   40 N..... COMMENT("Step 1: face")
   41 N..... COMMENT("STEP: Gesicht planen")
   42 N..... COMMENT("CSS-Anfahrdrehzahl bei X40.000")
   43 N..... SET_SPINDLE_MODE(0 0.0000)
   44 N..... SET_SPINDLE_SPEED(0, 955.0000)
   45 N..... START_SPINDLE_CLOCKWISE(0)
   46 N..... FLOOD_ON()
   47 N..... SET_FEED_RATE(0.1000)
   48 N..... COMMENT("Anfahren vor Zyklus")
   49 N..... STRAIGHT_TRAVERSE(20.0000, 0.0000, 2.0000, 0.0000, 0.0000, 0.0000)
   50 N..... SET_SPINDLE_MODE(0 2500.0000)
   51 N..... SET_SPINDLE_SPEED(0, 120.0000)
   52 N..... STRAIGHT_TRAVERSE(20.0000, 0.0000, 2.0000, 0.0000, 0.0000, 0.0000)
   53 N..... STRAIGHT_TRAVERSE(20.0000, 0.0000, 2.0000, 0.0000, 0.0000, 0.0000)
   54 N..... STRAIGHT_TRAVERSE(20.0000, 0.0000, 2.0000, 0.0000, 0.0000, 0.0000)
   55 N..... STRAIGHT_FEED(0.0000, 0.0000, 2.0000, 0.0000, 0.0000, 0.0000)
   56 N..... STRAIGHT_TRAVERSE(1.0000, 0.0000, 3.0000, 0.0000, 0.0000, 0.0000)
   57 N..... STRAIGHT_TRAVERSE(19.0000, 0.0000, 3.0000, 0.0000, 0.0000, 0.0000)
   58 N..... STRAIGHT_TRAVERSE(20.0000, 0.0000, 2.0000, 0.0000, 0.0000, 0.0000)
   59 N..... STRAIGHT_TRAVERSE(20.0000, 0.0000, 1.9500, 0.0000, 0.0000, 0.0000)
   60 N..... STRAIGHT_FEED(0.0000, 0.0000, 1.9500, 0.0000, 0.0000, 0.0000)
   61 N..... STRAIGHT_TRAVERSE(1.0000, 0.0000, 2.9500, 0.0000, 0.0000, 0.0000)
   62 N..... STRAIGHT_TRAVERSE(19.0000, 0.0000, 2.9500, 0.0000, 0.0000, 0.0000)
   63 N..... STRAIGHT_TRAVERSE(20.0000, 0.0000, 1.9500, 0.0000, 0.0000, 0.0000)
   64 N..... STRAIGHT_TRAVERSE(20.0000, 0.0000, 1.9000, 0.0000, 0.0000, 0.0000)
   65 N..... STRAIGHT_FEED(0.0000, 0.0000, 1.9000, 0.0000, 0.0000, 0.0000)
   66 N..... STRAIGHT_TRAVERSE(1.0000, 0.0000, 2.9000, 0.0000, 0.0000, 0.0000)
   67 N..... STRAIGHT_TRAVERSE(19.0000, 0.0000, 2.9000, 0.0000, 0.0000, 0.0000)
   68 N..... STRAIGHT_TRAVERSE(20.0000, 0.0000, 1.9000, 0.0000, 0.0000, 0.0000)
   69 N..... STRAIGHT_TRAVERSE(20.0000, 0.0000, 1.8500, 0.0000, 0.0000, 0.0000)
   70 N..... STRAIGHT_FEED(0.0000, 0.0000, 1.8500, 0.0000, 0.0000, 0.0000)
   71 N..... STRAIGHT_TRAVERSE(1.0000, 0.0000, 2.8500, 0.0000, 0.0000, 0.0000)
   72 N..... STRAIGHT_TRAVERSE(19.0000, 0.0000, 2.8500, 0.0000, 0.0000, 0.0000)
   73 N..... STRAIGHT_TRAVERSE(20.0000, 0.0000, 1.8500, 0.0000, 0.0000, 0.0000)
   74 N..... STRAIGHT_TRAVERSE(20.0000, 0.0000, 1.8000, 0.0000, 0.0000, 0.0000)
   75 N..... STRAIGHT_FEED(0.0000, 0.0000, 1.8000, 0.0000, 0.0000, 0.0000)
   76 N..... STRAIGHT_TRAVERSE(1.0000, 0.0000, 2.8000, 0.0000, 0.0000, 0.0000)
   77 N..... STRAIGHT_TRAVERSE(19.0000, 0.0000, 2.8000, 0.0000, 0.0000, 0.0000)
   78 N..... STRAIGHT_TRAVERSE(20.0000, 0.0000, 1.8000, 0.0000, 0.0000, 0.0000)
   79 N..... STRAIGHT_TRAVERSE(20.0000, 0.0000, 1.7500, 0.0000, 0.0000, 0.0000)
   80 N..... STRAIGHT_FEED(0.0000, 0.0000, 1.7500, 0.0000, 0.0000, 0.0000)
   81 N..... STRAIGHT_TRAVERSE(1.0000, 0.0000, 2.7500, 0.0000, 0.0000, 0.0000)
   82 N..... STRAIGHT_TRAVERSE(19.0000, 0.0000, 2.7500, 0.0000, 0.0000, 0.0000)
   83 N..... STRAIGHT_TRAVERSE(20.0000, 0.0000, 1.7500, 0.0000, 0.0000, 0.0000)
   84 N..... STRAIGHT_TRAVERSE(20.0000, 0.0000, 1.7000, 0.0000, 0.0000, 0.0000)
   85 N..... STRAIGHT_FEED(0.0000, 0.0000, 1.7000, 0.0000, 0.0000, 0.0000)
   86 N..... STRAIGHT_TRAVERSE(1.0000, 0.0000, 2.7000, 0.0000, 0.0000, 0.0000)
   87 N..... STRAIGHT_TRAVERSE(19.0000, 0.0000, 2.7000, 0.0000, 0.0000, 0.0000)
   88 N..... STRAIGHT_TRAVERSE(20.0000, 0.0000, 1.7000, 0.0000, 0.0000, 0.0000)
   89 N..... STRAIGHT_TRAVERSE(20.0000, 0.0000, 1.6500, 0.0000, 0.0000, 0.0000)
   90 N..... STRAIGHT_FEED(0.0000, 0.0000, 1.6500, 0.0000, 0.0000, 0.0000)
   91 N..... STRAIGHT_TRAVERSE(1.0000, 0.0000, 2.6500, 0.0000, 0.0000, 0.0000)
   92 N..... STRAIGHT_TRAVERSE(19.0000, 0.0000, 2.6500, 0.0000, 0.0000, 0.0000)
   93 N..... STRAIGHT_TRAVERSE(20.0000, 0.0000, 1.6500, 0.0000, 0.0000, 0.0000)
   94 N..... STRAIGHT_TRAVERSE(20.0000, 0.0000, 1.6000, 0.0000, 0.0000, 0.0000)
   95 N..... STRAIGHT_FEED(0.0000, 0.0000, 1.6000, 0.0000, 0.0000, 0.0000)
   96 N..... STRAIGHT_TRAVERSE(1.0000, 0.0000, 2.6000, 0.0000, 0.0000, 0.0000)
   97 N..... STRAIGHT_TRAVERSE(19.0000, 0.0000, 2.6000, 0.0000, 0.0000, 0.0000)
   98 N..... STRAIGHT_TRAVERSE(20.0000, 0.0000, 1.6000, 0.0000, 0.0000, 0.0000)
   99 N..... STRAIGHT_TRAVERSE(20.0000, 0.0000, 1.5500, 0.0000, 0.0000, 0.0000)
  100 N..... STRAIGHT_FEED(0.0000, 0.0000, 1.5500, 0.0000, 0.0000, 0.0000)
  101 N..... STRAIGHT_TRAVERSE(1.0000, 0.0000, 2.5500, 0.0000, 0.0000, 0.0000)
  102 N..... STRAIGHT_TRAVERSE(19.0000, 0.0000, 2.5500, 0.0000, 0.0000, 0.0000)
  103 N..... STRAIGHT_TRAVERSE(20.0000, 0.0000, 1.5500, 0.0000, 0.0000, 0.0000)
  104 N..... STRAIGHT_TRAVERSE(20.0000, 0.0000, 1.5000, 0.0000, 0.0000, 0.0000)
  105 N..... STRAIGHT_FEED(0.0000, 0.0000, 1.5000, 0.0000, 0.0000, 0.0000)
  106 N..... STRAIGHT_TRAVERSE(1.0000, 0.0000, 2.5000, 0.0000, 0.0000, 0.0000)
  107 N..... STRAIGHT_TRAVERSE(19.0000, 0.0000, 2.5000, 0.0000, 0.0000, 0.0000)
  108 N..... STRAIGHT_TRAVERSE(20.0000, 0.0000, 1.5000, 0.0000, 0.0000, 0.0000)
  109 N..... STRAIGHT_TRAVERSE(20.0000, 0.0000, 1.4500, 0.0000, 0.0000, 0.0000)
  110 N..... STRAIGHT_FEED(0.0000, 0.0000, 1.4500, 0.0000, 0.0000, 0.0000)
  111 N..... STRAIGHT_TRAVERSE(1.0000, 0.0000, 2.4500, 0.0000, 0.0000, 0.0000)
  112 N..... STRAIGHT_TRAVERSE(19.0000, 0.0000, 2.4500, 0.0000, 0.0000, 0.0000)
  113 N..... STRAIGHT_TRAVERSE(20.0000, 0.0000, 1.4500, 0.0000, 0.0000, 0.0000)
  114 N..... STRAIGHT_TRAVERSE(20.0000, 0.0000, 1.4000, 0.0000, 0.0000, 0.0000)
  115 N..... STRAIGHT_FEED(0.0000, 0.0000, 1.4000, 0.0000, 0.0000, 0.0000)
  116 N..... STRAIGHT_TRAVERSE(1.0000, 0.0000, 2.4000, 0.0000, 0.0000, 0.0000)
  117 N..... STRAIGHT_TRAVERSE(19.0000, 0.0000, 2.4000, 0.0000, 0.0000, 0.0000)
  118 N..... STRAIGHT_TRAVERSE(20.0000, 0.0000, 1.4000, 0.0000, 0.0000, 0.0000)
  119 N..... STRAIGHT_TRAVERSE(20.0000, 0.0000, 1.3500, 0.0000, 0.0000, 0.0000)
  120 N..... STRAIGHT_FEED(0.0000, 0.0000, 1.3500, 0.0000, 0.0000, 0.0000)
  121 N..... STRAIGHT_TRAVERSE(1.0000, 0.0000, 2.3500, 0.0000, 0.0000, 0.0000)
  122 N..... STRAIGHT_TRAVERSE(19.0000, 0.0000, 2.3500, 0.0000, 0.0000, 0.0000)
  123 N..... STRAIGHT_TRAVERSE(20.0000, 0.0000, 1.3500, 0.0000, 0.0000, 0.0000)
  124 N..... STRAIGHT_TRAVERSE(20.0000, 0.0000, 1.3000, 0.0000, 0.0000, 0.0000)
  125 N..... STRAIGHT_FEED(0.0000, 0.0000, 1.3000, 0.0000, 0.0000, 0.0000)
  126 N..... STRAIGHT_TRAVERSE(1.0000, 0.0000, 2.3000, 0.0000, 0.0000, 0.0000)
  127 N..... STRAIGHT_TRAVERSE(19.0000, 0.0000, 2.3000, 0.0000, 0.0000, 0.0000)
  128 N..... STRAIGHT_TRAVERSE(20.0000, 0.0000, 1.3000, 0.0000, 0.0000, 0.0000)
  129 N..... STRAIGHT_TRAVERSE(20.0000, 0.0000, 1.2500, 0.0000, 0.0000, 0.0000)
  130 N..... STRAIGHT_FEED(0.0000, 0.0000, 1.2500, 0.0000, 0.0000, 0.0000)
  131 N..... STRAIGHT_TRAVERSE(1.0000, 0.0000, 2.2500, 0.0000, 0.0000, 0.0000)
  132 N..... STRAIGHT_TRAVERSE(19.0000, 0.0000, 2.2500, 0.0000, 0.0000, 0.0000)
  133 N..... STRAIGHT_TRAVERSE(20.0000, 0.0000, 1.2500, 0.0000, 0.0000, 0.0000)
  134 N..... STRAIGHT_TRAVERSE(20.0000, 0.0000, 1.2000, 0.0000, 0.0000, 0.0000)
  135 N..... STRAIGHT_FEED(0.0000, 0.0000, 1.2000, 0.0000, 0.0000, 0.0000)
  136 N..... STRAIGHT_TRAVERSE(1.0000, 0.0000, 2.2000, 0.0000, 0.0000, 0.0000)
  137 N..... STRAIGHT_TRAVERSE(19.0000, 0.0000, 2.2000, 0.0000, 0.0000, 0.0000)
  138 N..... STRAIGHT_TRAVERSE(20.0000, 0.0000, 1.2000, 0.0000, 0.0000, 0.0000)
  139 N..... STRAIGHT_TRAVERSE(20.0000, 0.0000, 1.1500, 0.0000, 0.0000, 0.0000)
  140 N..... STRAIGHT_FEED(0.0000, 0.0000, 1.1500, 0.0000, 0.0000, 0.0000)
  141 N..... STRAIGHT_TRAVERSE(1.0000, 0.0000, 2.1500, 0.0000, 0.0000, 0.0000)
  142 N..... STRAIGHT_TRAVERSE(19.0000, 0.0000, 2.1500, 0.0000, 0.0000, 0.0000)
  143 N..... STRAIGHT_TRAVERSE(20.0000, 0.0000, 1.1500, 0.0000, 0.0000, 0.0000)
  144 N..... STRAIGHT_TRAVERSE(20.0000, 0.0000, 1.1000, 0.0000, 0.0000, 0.0000)
  145 N..... STRAIGHT_FEED(0.0000, 0.0000, 1.1000, 0.0000, 0.0000, 0.0000)
  146 N..... STRAIGHT_TRAVERSE(1.0000, 0.0000, 2.1000, 0.0000, 0.0000, 0.0000)
  147 N..... STRAIGHT_TRAVERSE(19.0000, 0.0000, 2.1000, 0.0000, 0.0000, 0.0000)
  148 N..... STRAIGHT_TRAVERSE(20.0000, 0.0000, 1.1000, 0.0000, 0.0000, 0.0000)
  149 N..... STRAIGHT_TRAVERSE(20.0000, 0.0000, 1.0500, 0.0000, 0.0000, 0.0000)
  150 N..... STRAIGHT_FEED(0.0000, 0.0000, 1.0500, 0.0000, 0.0000, 0.0000)
  151 N..... STRAIGHT_TRAVERSE(1.0000, 0.0000, 2.0500, 0.0000, 0.0000, 0.0000)
  152 N..... STRAIGHT_TRAVERSE(19.0000, 0.0000, 2.0500, 0.0000, 0.0000, 0.0000)
  153 N..... STRAIGHT_TRAVERSE(20.0000, 0.0000, 1.0500, 0.0000, 0.0000, 0.0000)
  154 N..... STRAIGHT_TRAVERSE(20.0000, 0.0000, 1.0000, 0.0000, 0.0000, 0.0000)
  155 N..... STRAIGHT_FEED(0.0000, 0.0000, 1.0000, 0.0000, 0.0000, 0.0000)
  156 N..... STRAIGHT_TRAVERSE(1.0000, 0.0000, 2.0000, 0.0000, 0.0000, 0.0000)
  157 N..... STRAIGHT_TRAVERSE(19.0000, 0.0000, 2.0000, 0.0000, 0.0000, 0.0000)
  158 N..... STRAIGHT_TRAVERSE(20.0000, 0.0000, 1.0000, 0.0000, 0.0000, 0.0000)
  159 N..... STRAIGHT_TRAVERSE(20.0000, 0.0000, 0.9500, 0.0000, 0.0000, 0.0000)
  160 N..... STRAIGHT_FEED(0.0000, 0.0000, 0.9500, 0.0000, 0.0000, 0.0000)
  161 N..... STRAIGHT_TRAVERSE(1.0000, 0.0000, 1.9500, 0.0000, 0.0000, 0.0000)
  162 N..... STRAIGHT_TRAVERSE(19.0000, 0.0000, 1.9500, 0.0000, 0.0000, 0.0000)
  163 N..... STRAIGHT_TRAVERSE(20.0000, 0.0000, 0.9500, 0.0000, 0.0000, 0.0000)
  164 N..... STRAIGHT_TRAVERSE(20.0000, 0.0000, 0.9000, 0.0000, 0.0000, 0.0000)
  165 N..... STRAIGHT_FEED(0.0000, 0.0000, 0.9000, 0.0000, 0.0000, 0.0000)
  166 N..... STRAIGHT_TRAVERSE(1.0000, 0.0000, 1.9000, 0.0000, 0.0000, 0.0000)
  167 N..... STRAIGHT_TRAVERSE(19.0000, 0.0000, 1.9000, 0.0000, 0.0000, 0.0000)
  168 N..... STRAIGHT_TRAVERSE(20.0000, 0.0000, 0.9000, 0.0000, 0.0000, 0.0000)
  169 N..... STRAIGHT_TRAVERSE(20.0000, 0.0000, 0.8500, 0.0000, 0.0000, 0.0000)
  170 N..... STRAIGHT_FEED(0.0000, 0.0000, 0.8500, 0.0000, 0.0000, 0.0000)
  171 N..... STRAIGHT_TRAVERSE(1.0000, 0.0000, 1.8500, 0.0000, 0.0000, 0.0000)
  172 N..... STRAIGHT_TRAVERSE(19.0000, 0.0000, 1.8500, 0.0000, 0.0000, 0.0000)
  173 N..... STRAIGHT_TRAVERSE(20.0000, 0.0000, 0.8500, 0.0000, 0.0000, 0.0000)
  174 N..... STRAIGHT_TRAVERSE(20.0000, 0.0000, 0.8000, 0.0000, 0.0000, 0.0000)
  175 N..... STRAIGHT_FEED(0.0000, 0.0000, 0.8000, 0.0000, 0.0000, 0.0000)
  176 N..... STRAIGHT_TRAVERSE(1.0000, 0.0000, 1.8000, 0.0000, 0.0000, 0.0000)
  177 N..... STRAIGHT_TRAVERSE(19.0000, 0.0000, 1.8000, 0.0000, 0.0000, 0.0000)
  178 N..... STRAIGHT_TRAVERSE(20.0000, 0.0000, 0.8000, 0.0000, 0.0000, 0.0000)
  179 N..... STRAIGHT_TRAVERSE(20.0000, 0.0000, 0.7500, 0.0000, 0.0000, 0.0000)
  180 N..... STRAIGHT_FEED(0.0000, 0.0000, 0.7500, 0.0000, 0.0000, 0.0000)
  181 N..... STRAIGHT_TRAVERSE(1.0000, 0.0000, 1.7500, 0.0000, 0.0000, 0.0000)
  182 N..... STRAIGHT_TRAVERSE(19.0000, 0.0000, 1.7500, 0.0000, 0.0000, 0.0000)
  183 N..... STRAIGHT_TRAVERSE(20.0000, 0.0000, 0.7500, 0.0000, 0.0000, 0.0000)
  184 N..... STRAIGHT_TRAVERSE(20.0000, 0.0000, 0.7000, 0.0000, 0.0000, 0.0000)
  185 N..... STRAIGHT_FEED(0.0000, 0.0000, 0.7000, 0.0000, 0.0000, 0.0000)
  186 N..... STRAIGHT_TRAVERSE(1.0000, 0.0000, 1.7000, 0.0000, 0.0000, 0.0000)
  187 N..... STRAIGHT_TRAVERSE(19.0000, 0.0000, 1.7000, 0.0000, 0.0000, 0.0000)
  188 N..... STRAIGHT_TRAVERSE(20.0000, 0.0000, 0.7000, 0.0000, 0.0000, 0.0000)
  189 N..... STRAIGHT_TRAVERSE(20.0000, 0.0000, 0.6500, 0.0000, 0.0000, 0.0000)
  190 N..... STRAIGHT_FEED(0.0000, 0.0000, 0.6500, 0.0000, 0.0000, 0.0000)
  191 N..... STRAIGHT_TRAVERSE(1.0000, 0.0000, 1.6500, 0.0000, 0.0000, 0.0000)
  192 N..... STRAIGHT_TRAVERSE(19.0000, 0.0000, 1.6500, 0.0000, 0.0000, 0.0000)
  193 N..... STRAIGHT_TRAVERSE(20.0000, 0.0000, 0.6500, 0.0000, 0.0000, 0.0000)
  194 N..... STRAIGHT_TRAVERSE(20.0000, 0.0000, 0.6000, 0.0000, 0.0000, 0.0000)
  195 N..... STRAIGHT_FEED(0.0000, 0.0000, 0.6000, 0.0000, 0.0000, 0.0000)
  196 N..... STRAIGHT_TRAVERSE(1.0000, 0.0000, 1.6000, 0.0000, 0.0000, 0.0000)
  197 N..... STRAIGHT_TRAVERSE(19.0000, 0.0000, 1.6000, 0.0000, 0.0000, 0.0000)
  198 N..... STRAIGHT_TRAVERSE(20.0000, 0.0000, 0.6000, 0.0000, 0.0000, 0.0000)
  199 N..... STRAIGHT_TRAVERSE(20.0000, 0.0000, 0.5500, 0.0000, 0.0000, 0.0000)
  200 N..... STRAIGHT_FEED(0.0000, 0.0000, 0.5500, 0.0000, 0.0000, 0.0000)
  201 N..... STRAIGHT_TRAVERSE(1.0000, 0.0000, 1.5500, 0.0000, 0.0000, 0.0000)
  202 N..... STRAIGHT_TRAVERSE(19.0000, 0.0000, 1.5500, 0.0000, 0.0000, 0.0000)
  203 N..... STRAIGHT_TRAVERSE(20.0000, 0.0000, 0.5500, 0.0000, 0.0000, 0.0000)
  204 N..... STRAIGHT_TRAVERSE(20.0000, 0.0000, 0.5000, 0.0000, 0.0000, 0.0000)
  205 N..... STRAIGHT_FEED(0.0000, 0.0000, 0.5000, 0.0000, 0.0000, 0.0000)
  206 N..... STRAIGHT_TRAVERSE(1.0000, 0.0000, 1.5000, 0.0000, 0.0000, 0.0000)
  207 N..... STRAIGHT_TRAVERSE(19.0000, 0.0000, 1.5000, 0.0000, 0.0000, 0.0000)
  208 N..... STRAIGHT_TRAVERSE(20.0000, 0.0000, 0.5000, 0.0000, 0.0000, 0.0000)
  209 N..... STRAIGHT_TRAVERSE(20.0000, 0.0000, 0.4500, 0.0000, 0.0000, 0.0000)
  210 N..... STRAIGHT_FEED(0.0000, 0.0000, 0.4500, 0.0000, 0.0000, 0.0000)
  211 N..... STRAIGHT_TRAVERSE(1.0000, 0.0000, 1.4500, 0.0000, 0.0000, 0.0000)
  212 N..... STRAIGHT_TRAVERSE(19.0000, 0.0000, 1.4500, 0.0000, 0.0000, 0.0000)
  213 N..... STRAIGHT_TRAVERSE(20.0000, 0.0000, 0.4500, 0.0000, 0.0000, 0.0000)
  214 N..... STRAIGHT_TRAVERSE(20.0000, 0.0000, 0.4000, 0.0000, 0.0000, 0.0000)
  215 N..... STRAIGHT_FEED(0.0000, 0.0000, 0.4000, 0.0000, 0.0000, 0.0000)
  216 N..... STRAIGHT_TRAVERSE(1.0000, 0.0000, 1.4000, 0.0000, 0.0000, 0.0000)
  217 N..... STRAIGHT_TRAVERSE(19.0000, 0.0000, 1.4000, 0.0000, 0.0000, 0.0000)
  218 N..... STRAIGHT_TRAVERSE(20.0000, 0.0000, 0.4000, 0.0000, 0.0000, 0.0000)
  219 N..... STRAIGHT_TRAVERSE(20.0000, 0.0000, 0.3500, 0.0000, 0.0000, 0.0000)
  220 N..... STRAIGHT_FEED(0.0000, 0.0000, 0.3500, 0.0000, 0.0000, 0.0000)
  221 N..... STRAIGHT_TRAVERSE(1.0000, 0.0000, 1.3500, 0.0000, 0.0000, 0.0000)
  222 N..... STRAIGHT_TRAVERSE(19.0000, 0.0000, 1.3500, 0.0000, 0.0000, 0.0000)
  223 N..... STRAIGHT_TRAVERSE(20.0000, 0.0000, 0.3500, 0.0000, 0.0000, 0.0000)
  224 N..... STRAIGHT_TRAVERSE(20.0000, 0.0000, 0.3000, 0.0000, 0.0000, 0.0000)
  225 N..... STRAIGHT_FEED(0.0000, 0.0000, 0.3000, 0.0000, 0.0000, 0.0000)
  226 N..... STRAIGHT_TRAVERSE(1.0000, 0.0000, 1.3000, 0.0000, 0.0000, 0.0000)
  227 N..... STRAIGHT_TRAVERSE(19.0000, 0.0000, 1.3000, 0.0000, 0.0000, 0.0000)
  228 N..... STRAIGHT_TRAVERSE(20.0000, 0.0000, 0.3000, 0.0000, 0.0000, 0.0000)
  229 N..... STRAIGHT_TRAVERSE(20.0000, 0.0000, 0.2500, 0.0000, 0.0000, 0.0000)
  230 N..... STRAIGHT_FEED(0.0000, 0.0000, 0.2500, 0.0000, 0.0000, 0.0000)
  231 N..... STRAIGHT_TRAVERSE(1.0000, 0.0000, 1.2500, 0.0000, 0.0000, 0.0000)
  232 N..... STRAIGHT_TRAVERSE(19.0000, 0.0000, 1.2500, 0.0000, 0.0000, 0.0000)
  233 N..... STRAIGHT_TRAVERSE(20.0000, 0.0000, 0.2500, 0.0000, 0.0000, 0.0000)
  234 N..... STRAIGHT_TRAVERSE(20.0000, 0.0000, 0.2000, 0.0000, 0.0000, 0.0000)
  235 N..... STRAIGHT_FEED(0.0000, 0.0000, 0.2000, 0.0000, 0.0000, 0.0000)
  236 N..... STRAIGHT_TRAVERSE(1.0000, 0.0000, 1.2000, 0.0000, 0.0000, 0.0000)
  237 N..... STRAIGHT_TRAVERSE(19.0000, 0.0000, 1.2000, 0.0000, 0.0000, 0.0000)
  238 N..... STRAIGHT_TRAVERSE(20.0000, 0.0000, 0.2000, 0.0000, 0.0000, 0.0000)
  239 N..... STRAIGHT_TRAVERSE(20.0000, 0.0000, 0.1500, 0.0000, 0.0000, 0.0000)
  240 N..... STRAIGHT_FEED(0.0000, 0.0000, 0.1500, 0.0000, 0.0000, 0.0000)
  241 N..... STRAIGHT_TRAVERSE(1.0000, 0.0000, 1.1500, 0.0000, 0.0000, 0.0000)
  242 N..... STRAIGHT_TRAVERSE(19.0000, 0.0000, 1.1500, 0.0000, 0.0000, 0.0000)
  243 N..... STRAIGHT_TRAVERSE(20.0000, 0.0000, 0.1500, 0.0000, 0.0000, 0.0000)
  244 N..... STRAIGHT_TRAVERSE(20.0000, 0.0000, 0.1000, 0.0000, 0.0000, 0.0000)
  245 N..... STRAIGHT_FEED(0.0000, 0.0000, 0.1000, 0.0000, 0.0000, 0.0000)
  246 N..... STRAIGHT_TRAVERSE(1.0000, 0.0000, 1.1000, 0.0000, 0.0000, 0.0000)
  247 N..... STRAIGHT_TRAVERSE(19.0000, 0.0000, 1.1000, 0.0000, 0.0000, 0.0000)
  248 N..... STRAIGHT_TRAVERSE(20.0000, 0.0000, 0.1000, 0.0000, 0.0000, 0.0000)
  249 N..... STRAIGHT_TRAVERSE(20.0000, 0.0000, 0.0500, 0.0000, 0.0000, 0.0000)
  250 N..... STRAIGHT_FEED(0.0000, 0.0000, 0.0500, 0.0000, 0.0000, 0.0000)
  251 N..... STRAIGHT_TRAVERSE(1.0000, 0.0000, 1.0500, 0.0000, 0.0000, 0.0000)
  252 N..... STRAIGHT_TRAVERSE(19.0000, 0.0000, 1.0500, 0.0000, 0.0000, 0.0000)
  253 N..... STRAIGHT_TRAVERSE(20.0000, 0.0000, 0.0500, 0.0000, 0.0000, 0.0000)
  254 N..... STRAIGHT_TRAVERSE(20.0000, 0.0000, -0.0000, 0.0000, 0.0000, 0.0000)
  255 N..... STRAIGHT_FEED(0.0000, 0.0000, -0.0000, 0.0000, 0.0000, 0.0000)
  256 N..... STRAIGHT_FEED(0.0000, 0.0000, 2.0000, 0.0000, 0.0000, 0.0000)
  257 N..... COMMENT("CSS-Freifahrt")
  258 N..... SET_SPINDLE_MODE(0 0.0000)
  259 N..... SET_SPINDLE_SPEED(0, 955.0000)
  260 N..... STRAIGHT_TRAVERSE(40.0000, 0.0000, 2.0000, 0.0000, 0.0000, 0.0000)
  261 N..... STRAIGHT_TRAVERSE(40.0000, 0.0000, 2.0000, 0.0000, 0.0000, 0.0000)
  262 N..... COMMENT("Werkzeug T02")
  263 N..... STOP_SPINDLE_TURNING(0)
  264 N..... MIST_OFF()
  265 N..... FLOOD_OFF()
  266 N..... COMMENT("Toolchange move")
  267 N..... STRAIGHT_TRAVERSE(75.0000, 0.0000, 300.0000, 0.0000, 0.0000, 0.0000)
  268 N..... SELECT_TOOL(2)
  269 N..... STOP_SPINDLE_TURNING(0)
  270 N..... CHANGE_TOOL()
  271 N..... STRAIGHT_TRAVERSE(40.0000, 0.0000, 2.0000, 0.0000, 0.0000, 0.0000)
  272 N..... COMMENT("Step 2: drill")
  273 N..... COMMENT("STEP: Loch bohren")
  274 N..... SET_SPINDLE_MODE(0 0.0000)
  275 N..... SET_SPINDLE_SPEED(0, 900.0000)
  276 N..... START_SPINDLE_CLOCKWISE(0)
  277 N..... MIST_OFF()
  278 N..... FLOOD_OFF()
  279 N..... COMMENT("Anfahren vor Zyklus")
  280 N..... STRAIGHT_TRAVERSE(0.0000, 0.0000, 2.0000, 0.0000, 0.0000, 0.0000)
  281 N..... COMMENT("G17 nur fuer Bohrzyklus - LinuxCNC Besonderheit")
  282 N..... SELECT_PLANE(CANON_PLANE_XY)
  283 N..... SET_FEED_RATE(0.1000)
  284 N..... SET_FEED_RATE(0.1000)
  285 N..... SET_MOTION_CONTROL_MODE(CANON_EXACT_PATH)
  286 N..... STRAIGHT_TRAVERSE(0.0000, 0.0000, 2.0000, 0.0000, 0.0000, 0.0000)
  287 N..... STRAIGHT_FEED(0.0000, 0.0000, -30.0000, 0.0000, 0.0000, 0.0000)
  288 N..... STRAIGHT_TRAVERSE(0.0000, 0.0000, 2.0000, 0.0000, 0.0000, 0.0000)
  289 N..... SET_MOTION_CONTROL_MODE(CANON_CONTINUOUS, 0.000000)
  290 N..... SET_NAIVECAM_TOLERANCE(0.0000)
  291 N..... COMMENT("interpreter: motion mode set to none")
  292 N..... SELECT_PLANE(CANON_PLANE_XZ)
  293 N..... STRAIGHT_TRAVERSE(0.0000, 0.0000, 2.0000, 0.0000, 0.0000, 0.0000)
  294 N..... STRAIGHT_TRAVERSE(40.0000, 0.0000, 2.0000, 0.0000, 0.0000, 0.0000)
  295 N..... COMMENT("Werkzeug T01")
  296 N..... STOP_SPINDLE_TURNING(0)
  297 N..... MIST_OFF()
  298 N..... FLOOD_OFF()
  299 N..... COMMENT("Toolchange move")
  300 N..... STRAIGHT_TRAVERSE(75.0000, 0.0000, 300.0000, 0.0000, 0.0000, 0.0000)
  301 N..... SELECT_TOOL(1)
  302 N..... STOP_SPINDLE_TURNING(0)
  303 N..... CHANGE_TOOL()
  304 N..... STRAIGHT_TRAVERSE(40.0000, 0.0000, 2.0000, 0.0000, 0.0000, 0.0000)
  305 N..... COMMENT("Step 3: face")
  306 N..... COMMENT("STEP: Gesicht planen")
  307 N..... COMMENT("CSS-Anfahrdrehzahl bei X40.000")
  308 N..... SET_SPINDLE_MODE(0 0.0000)
  309 N..... SET_SPINDLE_SPEED(0, 1432.0000)
  310 N..... START_SPINDLE_CLOCKWISE(0)
  311 N..... FLOOD_ON()
  312 N..... SET_FEED_RATE(0.1000)
  313 N..... COMMENT("Anfahren vor Zyklus")
  314 N..... STRAIGHT_TRAVERSE(20.0000, 0.0000, 2.0000, 0.0000, 0.0000, 0.0000)
  315 N..... SET_SPINDLE_MODE(0 2500.0000)
  316 N..... SET_SPINDLE_SPEED(0, 180.0000)
  317 N..... STRAIGHT_TRAVERSE(20.0000, 0.0000, 2.0000, 0.0000, 0.0000, 0.0000)
  318 N..... STRAIGHT_TRAVERSE(20.0000, 0.0000, 2.0000, 0.0000, 0.0000, 0.0000)
  319 N..... STRAIGHT_TRAVERSE(20.0000, 0.0000, 2.0000, 0.0000, 0.0000, 0.0000)
  320 N..... STRAIGHT_FEED(0.0000, 0.0000, 2.0000, 0.0000, 0.0000, 0.0000)
  321 N..... STRAIGHT_TRAVERSE(1.0000, 0.0000, 3.0000, 0.0000, 0.0000, 0.0000)
  322 N..... STRAIGHT_TRAVERSE(19.0000, 0.0000, 3.0000, 0.0000, 0.0000, 0.0000)
  323 N..... STRAIGHT_TRAVERSE(20.0000, 0.0000, 2.0000, 0.0000, 0.0000, 0.0000)
  324 N..... STRAIGHT_TRAVERSE(20.0000, 0.0000, 1.9500, 0.0000, 0.0000, 0.0000)
  325 N..... STRAIGHT_FEED(0.0000, 0.0000, 1.9500, 0.0000, 0.0000, 0.0000)
  326 N..... STRAIGHT_TRAVERSE(1.0000, 0.0000, 2.9500, 0.0000, 0.0000, 0.0000)
  327 N..... STRAIGHT_TRAVERSE(19.0000, 0.0000, 2.9500, 0.0000, 0.0000, 0.0000)
  328 N..... STRAIGHT_TRAVERSE(20.0000, 0.0000, 1.9500, 0.0000, 0.0000, 0.0000)
  329 N..... STRAIGHT_TRAVERSE(20.0000, 0.0000, 1.9000, 0.0000, 0.0000, 0.0000)
  330 N..... STRAIGHT_FEED(0.0000, 0.0000, 1.9000, 0.0000, 0.0000, 0.0000)
  331 N..... STRAIGHT_TRAVERSE(1.0000, 0.0000, 2.9000, 0.0000, 0.0000, 0.0000)
  332 N..... STRAIGHT_TRAVERSE(19.0000, 0.0000, 2.9000, 0.0000, 0.0000, 0.0000)
  333 N..... STRAIGHT_TRAVERSE(20.0000, 0.0000, 1.9000, 0.0000, 0.0000, 0.0000)
  334 N..... STRAIGHT_TRAVERSE(20.0000, 0.0000, 1.8500, 0.0000, 0.0000, 0.0000)
  335 N..... STRAIGHT_FEED(0.0000, 0.0000, 1.8500, 0.0000, 0.0000, 0.0000)
  336 N..... STRAIGHT_TRAVERSE(1.0000, 0.0000, 2.8500, 0.0000, 0.0000, 0.0000)
  337 N..... STRAIGHT_TRAVERSE(19.0000, 0.0000, 2.8500, 0.0000, 0.0000, 0.0000)
  338 N..... STRAIGHT_TRAVERSE(20.0000, 0.0000, 1.8500, 0.0000, 0.0000, 0.0000)
  339 N..... STRAIGHT_TRAVERSE(20.0000, 0.0000, 1.8000, 0.0000, 0.0000, 0.0000)
  340 N..... STRAIGHT_FEED(0.0000, 0.0000, 1.8000, 0.0000, 0.0000, 0.0000)
  341 N..... STRAIGHT_TRAVERSE(1.0000, 0.0000, 2.8000, 0.0000, 0.0000, 0.0000)
  342 N..... STRAIGHT_TRAVERSE(19.0000, 0.0000, 2.8000, 0.0000, 0.0000, 0.0000)
  343 N..... STRAIGHT_TRAVERSE(20.0000, 0.0000, 1.8000, 0.0000, 0.0000, 0.0000)
  344 N..... STRAIGHT_TRAVERSE(20.0000, 0.0000, 1.7500, 0.0000, 0.0000, 0.0000)
  345 N..... STRAIGHT_FEED(0.0000, 0.0000, 1.7500, 0.0000, 0.0000, 0.0000)
  346 N..... STRAIGHT_TRAVERSE(1.0000, 0.0000, 2.7500, 0.0000, 0.0000, 0.0000)
  347 N..... STRAIGHT_TRAVERSE(19.0000, 0.0000, 2.7500, 0.0000, 0.0000, 0.0000)
  348 N..... STRAIGHT_TRAVERSE(20.0000, 0.0000, 1.7500, 0.0000, 0.0000, 0.0000)
  349 N..... STRAIGHT_TRAVERSE(20.0000, 0.0000, 1.7000, 0.0000, 0.0000, 0.0000)
  350 N..... STRAIGHT_FEED(0.0000, 0.0000, 1.7000, 0.0000, 0.0000, 0.0000)
  351 N..... STRAIGHT_TRAVERSE(1.0000, 0.0000, 2.7000, 0.0000, 0.0000, 0.0000)
  352 N..... STRAIGHT_TRAVERSE(19.0000, 0.0000, 2.7000, 0.0000, 0.0000, 0.0000)
  353 N..... STRAIGHT_TRAVERSE(20.0000, 0.0000, 1.7000, 0.0000, 0.0000, 0.0000)
  354 N..... STRAIGHT_TRAVERSE(20.0000, 0.0000, 1.6500, 0.0000, 0.0000, 0.0000)
  355 N..... STRAIGHT_FEED(0.0000, 0.0000, 1.6500, 0.0000, 0.0000, 0.0000)
  356 N..... STRAIGHT_TRAVERSE(1.0000, 0.0000, 2.6500, 0.0000, 0.0000, 0.0000)
  357 N..... STRAIGHT_TRAVERSE(19.0000, 0.0000, 2.6500, 0.0000, 0.0000, 0.0000)
  358 N..... STRAIGHT_TRAVERSE(20.0000, 0.0000, 1.6500, 0.0000, 0.0000, 0.0000)
  359 N..... STRAIGHT_TRAVERSE(20.0000, 0.0000, 1.6000, 0.0000, 0.0000, 0.0000)
  360 N..... STRAIGHT_FEED(0.0000, 0.0000, 1.6000, 0.0000, 0.0000, 0.0000)
  361 N..... STRAIGHT_TRAVERSE(1.0000, 0.0000, 2.6000, 0.0000, 0.0000, 0.0000)
  362 N..... STRAIGHT_TRAVERSE(19.0000, 0.0000, 2.6000, 0.0000, 0.0000, 0.0000)
  363 N..... STRAIGHT_TRAVERSE(20.0000, 0.0000, 1.6000, 0.0000, 0.0000, 0.0000)
  364 N..... STRAIGHT_TRAVERSE(20.0000, 0.0000, 1.5500, 0.0000, 0.0000, 0.0000)
  365 N..... STRAIGHT_FEED(0.0000, 0.0000, 1.5500, 0.0000, 0.0000, 0.0000)
  366 N..... STRAIGHT_TRAVERSE(1.0000, 0.0000, 2.5500, 0.0000, 0.0000, 0.0000)
  367 N..... STRAIGHT_TRAVERSE(19.0000, 0.0000, 2.5500, 0.0000, 0.0000, 0.0000)
  368 N..... STRAIGHT_TRAVERSE(20.0000, 0.0000, 1.5500, 0.0000, 0.0000, 0.0000)
  369 N..... STRAIGHT_TRAVERSE(20.0000, 0.0000, 1.5000, 0.0000, 0.0000, 0.0000)
  370 N..... STRAIGHT_FEED(0.0000, 0.0000, 1.5000, 0.0000, 0.0000, 0.0000)
  371 N..... STRAIGHT_TRAVERSE(1.0000, 0.0000, 2.5000, 0.0000, 0.0000, 0.0000)
  372 N..... STRAIGHT_TRAVERSE(19.0000, 0.0000, 2.5000, 0.0000, 0.0000, 0.0000)
  373 N..... STRAIGHT_TRAVERSE(20.0000, 0.0000, 1.5000, 0.0000, 0.0000, 0.0000)
  374 N..... STRAIGHT_TRAVERSE(20.0000, 0.0000, 1.4500, 0.0000, 0.0000, 0.0000)
  375 N..... STRAIGHT_FEED(0.0000, 0.0000, 1.4500, 0.0000, 0.0000, 0.0000)
  376 N..... STRAIGHT_TRAVERSE(1.0000, 0.0000, 2.4500, 0.0000, 0.0000, 0.0000)
  377 N..... STRAIGHT_TRAVERSE(19.0000, 0.0000, 2.4500, 0.0000, 0.0000, 0.0000)
  378 N..... STRAIGHT_TRAVERSE(20.0000, 0.0000, 1.4500, 0.0000, 0.0000, 0.0000)
  379 N..... STRAIGHT_TRAVERSE(20.0000, 0.0000, 1.4000, 0.0000, 0.0000, 0.0000)
  380 N..... STRAIGHT_FEED(0.0000, 0.0000, 1.4000, 0.0000, 0.0000, 0.0000)
  381 N..... STRAIGHT_TRAVERSE(1.0000, 0.0000, 2.4000, 0.0000, 0.0000, 0.0000)
  382 N..... STRAIGHT_TRAVERSE(19.0000, 0.0000, 2.4000, 0.0000, 0.0000, 0.0000)
  383 N..... STRAIGHT_TRAVERSE(20.0000, 0.0000, 1.4000, 0.0000, 0.0000, 0.0000)
  384 N..... STRAIGHT_TRAVERSE(20.0000, 0.0000, 1.3500, 0.0000, 0.0000, 0.0000)
  385 N..... STRAIGHT_FEED(0.0000, 0.0000, 1.3500, 0.0000, 0.0000, 0.0000)
  386 N..... STRAIGHT_TRAVERSE(1.0000, 0.0000, 2.3500, 0.0000, 0.0000, 0.0000)
  387 N..... STRAIGHT_TRAVERSE(19.0000, 0.0000, 2.3500, 0.0000, 0.0000, 0.0000)
  388 N..... STRAIGHT_TRAVERSE(20.0000, 0.0000, 1.3500, 0.0000, 0.0000, 0.0000)
  389 N..... STRAIGHT_TRAVERSE(20.0000, 0.0000, 1.3000, 0.0000, 0.0000, 0.0000)
  390 N..... STRAIGHT_FEED(0.0000, 0.0000, 1.3000, 0.0000, 0.0000, 0.0000)
  391 N..... STRAIGHT_TRAVERSE(1.0000, 0.0000, 2.3000, 0.0000, 0.0000, 0.0000)
  392 N..... STRAIGHT_TRAVERSE(19.0000, 0.0000, 2.3000, 0.0000, 0.0000, 0.0000)
  393 N..... STRAIGHT_TRAVERSE(20.0000, 0.0000, 1.3000, 0.0000, 0.0000, 0.0000)
  394 N..... STRAIGHT_TRAVERSE(20.0000, 0.0000, 1.2500, 0.0000, 0.0000, 0.0000)
  395 N..... STRAIGHT_FEED(0.0000, 0.0000, 1.2500, 0.0000, 0.0000, 0.0000)
  396 N..... STRAIGHT_TRAVERSE(1.0000, 0.0000, 2.2500, 0.0000, 0.0000, 0.0000)
  397 N..... STRAIGHT_TRAVERSE(19.0000, 0.0000, 2.2500, 0.0000, 0.0000, 0.0000)
  398 N..... STRAIGHT_TRAVERSE(20.0000, 0.0000, 1.2500, 0.0000, 0.0000, 0.0000)
  399 N..... STRAIGHT_TRAVERSE(20.0000, 0.0000, 1.2000, 0.0000, 0.0000, 0.0000)
  400 N..... STRAIGHT_FEED(0.0000, 0.0000, 1.2000, 0.0000, 0.0000, 0.0000)
  401 N..... STRAIGHT_TRAVERSE(1.0000, 0.0000, 2.2000, 0.0000, 0.0000, 0.0000)
  402 N..... STRAIGHT_TRAVERSE(19.0000, 0.0000, 2.2000, 0.0000, 0.0000, 0.0000)
  403 N..... STRAIGHT_TRAVERSE(20.0000, 0.0000, 1.2000, 0.0000, 0.0000, 0.0000)
  404 N..... STRAIGHT_TRAVERSE(20.0000, 0.0000, 1.1500, 0.0000, 0.0000, 0.0000)
  405 N..... STRAIGHT_FEED(0.0000, 0.0000, 1.1500, 0.0000, 0.0000, 0.0000)
  406 N..... STRAIGHT_TRAVERSE(1.0000, 0.0000, 2.1500, 0.0000, 0.0000, 0.0000)
  407 N..... STRAIGHT_TRAVERSE(19.0000, 0.0000, 2.1500, 0.0000, 0.0000, 0.0000)
  408 N..... STRAIGHT_TRAVERSE(20.0000, 0.0000, 1.1500, 0.0000, 0.0000, 0.0000)
  409 N..... STRAIGHT_TRAVERSE(20.0000, 0.0000, 1.1000, 0.0000, 0.0000, 0.0000)
  410 N..... STRAIGHT_FEED(0.0000, 0.0000, 1.1000, 0.0000, 0.0000, 0.0000)
  411 N..... STRAIGHT_TRAVERSE(1.0000, 0.0000, 2.1000, 0.0000, 0.0000, 0.0000)
  412 N..... STRAIGHT_TRAVERSE(19.0000, 0.0000, 2.1000, 0.0000, 0.0000, 0.0000)
  413 N..... STRAIGHT_TRAVERSE(20.0000, 0.0000, 1.1000, 0.0000, 0.0000, 0.0000)
  414 N..... STRAIGHT_TRAVERSE(20.0000, 0.0000, 1.0500, 0.0000, 0.0000, 0.0000)
  415 N..... STRAIGHT_FEED(0.0000, 0.0000, 1.0500, 0.0000, 0.0000, 0.0000)
  416 N..... STRAIGHT_TRAVERSE(1.0000, 0.0000, 2.0500, 0.0000, 0.0000, 0.0000)
  417 N..... STRAIGHT_TRAVERSE(19.0000, 0.0000, 2.0500, 0.0000, 0.0000, 0.0000)
  418 N..... STRAIGHT_TRAVERSE(20.0000, 0.0000, 1.0500, 0.0000, 0.0000, 0.0000)
  419 N..... STRAIGHT_TRAVERSE(20.0000, 0.0000, 1.0000, 0.0000, 0.0000, 0.0000)
  420 N..... STRAIGHT_FEED(0.0000, 0.0000, 1.0000, 0.0000, 0.0000, 0.0000)
  421 N..... STRAIGHT_TRAVERSE(1.0000, 0.0000, 2.0000, 0.0000, 0.0000, 0.0000)
  422 N..... STRAIGHT_TRAVERSE(19.0000, 0.0000, 2.0000, 0.0000, 0.0000, 0.0000)
  423 N..... STRAIGHT_TRAVERSE(20.0000, 0.0000, 1.0000, 0.0000, 0.0000, 0.0000)
  424 N..... STRAIGHT_TRAVERSE(20.0000, 0.0000, 0.9500, 0.0000, 0.0000, 0.0000)
  425 N..... STRAIGHT_FEED(0.0000, 0.0000, 0.9500, 0.0000, 0.0000, 0.0000)
  426 N..... STRAIGHT_TRAVERSE(1.0000, 0.0000, 1.9500, 0.0000, 0.0000, 0.0000)
  427 N..... STRAIGHT_TRAVERSE(19.0000, 0.0000, 1.9500, 0.0000, 0.0000, 0.0000)
  428 N..... STRAIGHT_TRAVERSE(20.0000, 0.0000, 0.9500, 0.0000, 0.0000, 0.0000)
  429 N..... STRAIGHT_TRAVERSE(20.0000, 0.0000, 0.9000, 0.0000, 0.0000, 0.0000)
  430 N..... STRAIGHT_FEED(0.0000, 0.0000, 0.9000, 0.0000, 0.0000, 0.0000)
  431 N..... STRAIGHT_TRAVERSE(1.0000, 0.0000, 1.9000, 0.0000, 0.0000, 0.0000)
  432 N..... STRAIGHT_TRAVERSE(19.0000, 0.0000, 1.9000, 0.0000, 0.0000, 0.0000)
  433 N..... STRAIGHT_TRAVERSE(20.0000, 0.0000, 0.9000, 0.0000, 0.0000, 0.0000)
  434 N..... STRAIGHT_TRAVERSE(20.0000, 0.0000, 0.8500, 0.0000, 0.0000, 0.0000)
  435 N..... STRAIGHT_FEED(0.0000, 0.0000, 0.8500, 0.0000, 0.0000, 0.0000)
  436 N..... STRAIGHT_TRAVERSE(1.0000, 0.0000, 1.8500, 0.0000, 0.0000, 0.0000)
  437 N..... STRAIGHT_TRAVERSE(19.0000, 0.0000, 1.8500, 0.0000, 0.0000, 0.0000)
  438 N..... STRAIGHT_TRAVERSE(20.0000, 0.0000, 0.8500, 0.0000, 0.0000, 0.0000)
  439 N..... STRAIGHT_TRAVERSE(20.0000, 0.0000, 0.8000, 0.0000, 0.0000, 0.0000)
  440 N..... STRAIGHT_FEED(0.0000, 0.0000, 0.8000, 0.0000, 0.0000, 0.0000)
  441 N..... STRAIGHT_TRAVERSE(1.0000, 0.0000, 1.8000, 0.0000, 0.0000, 0.0000)
  442 N..... STRAIGHT_TRAVERSE(19.0000, 0.0000, 1.8000, 0.0000, 0.0000, 0.0000)
  443 N..... STRAIGHT_TRAVERSE(20.0000, 0.0000, 0.8000, 0.0000, 0.0000, 0.0000)
  444 N..... STRAIGHT_TRAVERSE(20.0000, 0.0000, 0.7500, 0.0000, 0.0000, 0.0000)
  445 N..... STRAIGHT_FEED(0.0000, 0.0000, 0.7500, 0.0000, 0.0000, 0.0000)
  446 N..... STRAIGHT_TRAVERSE(1.0000, 0.0000, 1.7500, 0.0000, 0.0000, 0.0000)
  447 N..... STRAIGHT_TRAVERSE(19.0000, 0.0000, 1.7500, 0.0000, 0.0000, 0.0000)
  448 N..... STRAIGHT_TRAVERSE(20.0000, 0.0000, 0.7500, 0.0000, 0.0000, 0.0000)
  449 N..... STRAIGHT_TRAVERSE(20.0000, 0.0000, 0.7000, 0.0000, 0.0000, 0.0000)
  450 N..... STRAIGHT_FEED(0.0000, 0.0000, 0.7000, 0.0000, 0.0000, 0.0000)
  451 N..... STRAIGHT_TRAVERSE(1.0000, 0.0000, 1.7000, 0.0000, 0.0000, 0.0000)
  452 N..... STRAIGHT_TRAVERSE(19.0000, 0.0000, 1.7000, 0.0000, 0.0000, 0.0000)
  453 N..... STRAIGHT_TRAVERSE(20.0000, 0.0000, 0.7000, 0.0000, 0.0000, 0.0000)
  454 N..... STRAIGHT_TRAVERSE(20.0000, 0.0000, 0.6500, 0.0000, 0.0000, 0.0000)
  455 N..... STRAIGHT_FEED(0.0000, 0.0000, 0.6500, 0.0000, 0.0000, 0.0000)
  456 N..... STRAIGHT_TRAVERSE(1.0000, 0.0000, 1.6500, 0.0000, 0.0000, 0.0000)
  457 N..... STRAIGHT_TRAVERSE(19.0000, 0.0000, 1.6500, 0.0000, 0.0000, 0.0000)
  458 N..... STRAIGHT_TRAVERSE(20.0000, 0.0000, 0.6500, 0.0000, 0.0000, 0.0000)
  459 N..... STRAIGHT_TRAVERSE(20.0000, 0.0000, 0.6000, 0.0000, 0.0000, 0.0000)
  460 N..... STRAIGHT_FEED(0.0000, 0.0000, 0.6000, 0.0000, 0.0000, 0.0000)
  461 N..... STRAIGHT_TRAVERSE(1.0000, 0.0000, 1.6000, 0.0000, 0.0000, 0.0000)
  462 N..... STRAIGHT_TRAVERSE(19.0000, 0.0000, 1.6000, 0.0000, 0.0000, 0.0000)
  463 N..... STRAIGHT_TRAVERSE(20.0000, 0.0000, 0.6000, 0.0000, 0.0000, 0.0000)
  464 N..... STRAIGHT_TRAVERSE(20.0000, 0.0000, 0.5500, 0.0000, 0.0000, 0.0000)
  465 N..... STRAIGHT_FEED(0.0000, 0.0000, 0.5500, 0.0000, 0.0000, 0.0000)
  466 N..... STRAIGHT_TRAVERSE(1.0000, 0.0000, 1.5500, 0.0000, 0.0000, 0.0000)
  467 N..... STRAIGHT_TRAVERSE(19.0000, 0.0000, 1.5500, 0.0000, 0.0000, 0.0000)
  468 N..... STRAIGHT_TRAVERSE(20.0000, 0.0000, 0.5500, 0.0000, 0.0000, 0.0000)
  469 N..... STRAIGHT_TRAVERSE(20.0000, 0.0000, 0.5000, 0.0000, 0.0000, 0.0000)
  470 N..... STRAIGHT_FEED(0.0000, 0.0000, 0.5000, 0.0000, 0.0000, 0.0000)
  471 N..... STRAIGHT_TRAVERSE(1.0000, 0.0000, 1.5000, 0.0000, 0.0000, 0.0000)
  472 N..... STRAIGHT_TRAVERSE(19.0000, 0.0000, 1.5000, 0.0000, 0.0000, 0.0000)
  473 N..... STRAIGHT_TRAVERSE(20.0000, 0.0000, 0.5000, 0.0000, 0.0000, 0.0000)
  474 N..... STRAIGHT_TRAVERSE(20.0000, 0.0000, 0.4500, 0.0000, 0.0000, 0.0000)
  475 N..... STRAIGHT_FEED(0.0000, 0.0000, 0.4500, 0.0000, 0.0000, 0.0000)
  476 N..... STRAIGHT_TRAVERSE(1.0000, 0.0000, 1.4500, 0.0000, 0.0000, 0.0000)
  477 N..... STRAIGHT_TRAVERSE(19.0000, 0.0000, 1.4500, 0.0000, 0.0000, 0.0000)
  478 N..... STRAIGHT_TRAVERSE(20.0000, 0.0000, 0.4500, 0.0000, 0.0000, 0.0000)
  479 N..... STRAIGHT_TRAVERSE(20.0000, 0.0000, 0.4000, 0.0000, 0.0000, 0.0000)
  480 N..... STRAIGHT_FEED(0.0000, 0.0000, 0.4000, 0.0000, 0.0000, 0.0000)
  481 N..... STRAIGHT_TRAVERSE(1.0000, 0.0000, 1.4000, 0.0000, 0.0000, 0.0000)
  482 N..... STRAIGHT_TRAVERSE(19.0000, 0.0000, 1.4000, 0.0000, 0.0000, 0.0000)
  483 N..... STRAIGHT_TRAVERSE(20.0000, 0.0000, 0.4000, 0.0000, 0.0000, 0.0000)
  484 N..... STRAIGHT_TRAVERSE(20.0000, 0.0000, 0.3500, 0.0000, 0.0000, 0.0000)
  485 N..... STRAIGHT_FEED(0.0000, 0.0000, 0.3500, 0.0000, 0.0000, 0.0000)
  486 N..... STRAIGHT_TRAVERSE(1.0000, 0.0000, 1.3500, 0.0000, 0.0000, 0.0000)
  487 N..... STRAIGHT_TRAVERSE(19.0000, 0.0000, 1.3500, 0.0000, 0.0000, 0.0000)
  488 N..... STRAIGHT_TRAVERSE(20.0000, 0.0000, 0.3500, 0.0000, 0.0000, 0.0000)
  489 N..... STRAIGHT_TRAVERSE(20.0000, 0.0000, 0.3000, 0.0000, 0.0000, 0.0000)
  490 N..... STRAIGHT_FEED(0.0000, 0.0000, 0.3000, 0.0000, 0.0000, 0.0000)
  491 N..... STRAIGHT_TRAVERSE(1.0000, 0.0000, 1.3000, 0.0000, 0.0000, 0.0000)
  492 N..... STRAIGHT_TRAVERSE(19.0000, 0.0000, 1.3000, 0.0000, 0.0000, 0.0000)
  493 N..... STRAIGHT_TRAVERSE(20.0000, 0.0000, 0.3000, 0.0000, 0.0000, 0.0000)
  494 N..... STRAIGHT_TRAVERSE(20.0000, 0.0000, 0.2500, 0.0000, 0.0000, 0.0000)
  495 N..... STRAIGHT_FEED(0.0000, 0.0000, 0.2500, 0.0000, 0.0000, 0.0000)
  496 N..... STRAIGHT_TRAVERSE(1.0000, 0.0000, 1.2500, 0.0000, 0.0000, 0.0000)
  497 N..... STRAIGHT_TRAVERSE(19.0000, 0.0000, 1.2500, 0.0000, 0.0000, 0.0000)
  498 N..... STRAIGHT_TRAVERSE(20.0000, 0.0000, 0.2500, 0.0000, 0.0000, 0.0000)
  499 N..... STRAIGHT_TRAVERSE(20.0000, 0.0000, 0.2000, 0.0000, 0.0000, 0.0000)
  500 N..... STRAIGHT_FEED(0.0000, 0.0000, 0.2000, 0.0000, 0.0000, 0.0000)
  501 N..... STRAIGHT_TRAVERSE(1.0000, 0.0000, 1.2000, 0.0000, 0.0000, 0.0000)
  502 N..... STRAIGHT_TRAVERSE(19.0000, 0.0000, 1.2000, 0.0000, 0.0000, 0.0000)
  503 N..... STRAIGHT_TRAVERSE(20.0000, 0.0000, 0.2000, 0.0000, 0.0000, 0.0000)
  504 N..... STRAIGHT_TRAVERSE(20.0000, 0.0000, 0.1500, 0.0000, 0.0000, 0.0000)
  505 N..... STRAIGHT_FEED(0.0000, 0.0000, 0.1500, 0.0000, 0.0000, 0.0000)
  506 N..... STRAIGHT_TRAVERSE(1.0000, 0.0000, 1.1500, 0.0000, 0.0000, 0.0000)
  507 N..... STRAIGHT_TRAVERSE(19.0000, 0.0000, 1.1500, 0.0000, 0.0000, 0.0000)
  508 N..... STRAIGHT_TRAVERSE(20.0000, 0.0000, 0.1500, 0.0000, 0.0000, 0.0000)
  509 N..... STRAIGHT_TRAVERSE(20.0000, 0.0000, 0.1000, 0.0000, 0.0000, 0.0000)
  510 N..... STRAIGHT_FEED(0.0000, 0.0000, 0.1000, 0.0000, 0.0000, 0.0000)
  511 N..... STRAIGHT_TRAVERSE(1.0000, 0.0000, 1.1000, 0.0000, 0.0000, 0.0000)
  512 N..... STRAIGHT_TRAVERSE(19.0000, 0.0000, 1.1000, 0.0000, 0.0000, 0.0000)
  513 N..... STRAIGHT_TRAVERSE(20.0000, 0.0000, 0.1000, 0.0000, 0.0000, 0.0000)
  514 N..... STRAIGHT_TRAVERSE(20.0000, 0.0000, 0.0500, 0.0000, 0.0000, 0.0000)
  515 N..... STRAIGHT_FEED(0.0000, 0.0000, 0.0500, 0.0000, 0.0000, 0.0000)
  516 N..... STRAIGHT_TRAVERSE(1.0000, 0.0000, 1.0500, 0.0000, 0.0000, 0.0000)
  517 N..... STRAIGHT_TRAVERSE(19.0000, 0.0000, 1.0500, 0.0000, 0.0000, 0.0000)
  518 N..... STRAIGHT_TRAVERSE(20.0000, 0.0000, 0.0500, 0.0000, 0.0000, 0.0000)
  519 N..... STRAIGHT_TRAVERSE(20.0000, 0.0000, -0.0000, 0.0000, 0.0000, 0.0000)
  520 N..... STRAIGHT_FEED(0.0000, 0.0000, -0.0000, 0.0000, 0.0000, 0.0000)
  521 N..... STRAIGHT_FEED(0.0000, 0.0000, 2.0000, 0.0000, 0.0000, 0.0000)
  522 N..... COMMENT("CSS-Freifahrt")
  523 N..... SET_SPINDLE_MODE(0 0.0000)
  524 N..... SET_SPINDLE_SPEED(0, 1432.0000)
  525 N..... STRAIGHT_TRAVERSE(40.0000, 0.0000, 2.0000, 0.0000, 0.0000, 0.0000)
  526 N..... STRAIGHT_TRAVERSE(40.0000, 0.0000, 2.0000, 0.0000, 0.0000, 0.0000)
  527 N..... COMMENT("Werkzeugwechselpunkt am Ende")
  528 N..... STRAIGHT_TRAVERSE(75.0000, 0.0000, 300.0000, 0.0000, 0.0000, 0.0000)
  529 N..... STOP_SPINDLE_TURNING(0)
  530 N..... MIST_OFF()
  531 N..... FLOOD_OFF()
  532 N..... SET_G5X_OFFSET(1, 0.0000, 0.0000, 0.0000, 0.0000, 0.0000, 0.0000)
  533 N..... SET_XY_ROTATION(0.0000)
  534 N..... SELECT_PLANE(CANON_PLANE_XY)
  535 N..... SET_FEED_MODE(0, 0)
  536 N..... SET_FEED_RATE(0.0000)
  537 N..... STOP_SPINDLE_TURNING(0)
  538 N..... SET_SPINDLE_MODE(0 0.0000)
  539 N..... PALLET_SHUTTLE()
  540 N..... PROGRAM_END()
  541 N..... ON_RESET()
  542 N..... ON_RESET()
executing
link (updating variable file): No such file or directory
