    1 N..... USE_LENGTH_UNITS(CANON_UNITS_MM)
    2 N..... SET_G5X_OFFSET(1, 0.0000, 0.0000, 0.0000, 0.0000, 0.0000, 0.0000)
    3 N..... SET_G92_OFFSET(0.0000, 0.0000, 0.0000, 0.0000, 0.0000, 0.0000)
    4 N..... SET_XY_ROTATION(0.0000)
    5 N..... SET_FEED_REFERENCE(CANON_XYZ)
    6 N..... ON_RESET()
    7 N..... COMMENT("Programm automatisch erzeugt")
    8 N..... COMMENT("Programmname: Planen_Radius")
    9 N..... COMMENT("Masseinheit: mm")
   10 N..... SELECT_PLANE(CANON_PLANE_XZ)
   11 N..... COMMENT("interpreter: Lathe diameter mode changed to diameter")
   12 N..... COMMENT("interpreter: cutter radius compensation off")
   13 N..... COMMENT("interpreter: motion mode set to none")
   14 N..... USE_LENGTH_UNITS(CANON_UNITS_MM)
   15 N..... COMMENT("interpreter: feed mode set to units per revolution")
   16 N..... SET_FEED_MODE(0, 1)
   17 N..... SET_FEED_RATE(0.0000)
   18 N..... COMMENT("interpreter: continuing to use same coordinate system")
   19 N..... COMMENT("=== SICHERHEITSPARAMETER ===")
   20 N..... COMMENT("Werkzeugwechselpunkt: X150.000 Z300.000 Werkstueckkoordinaten")
   21 N..... COMMENT("Rueckzugsebenen: XRA=40.000 XRI=0.000")
   22 N..... COMMENT("ZRA=2.000 ZRI=-60.000")
   23 N..... COMMENT("Rohteil Aussendurchmesser: 40.000 mm")
   24 N..... COMMENT("Rohteil Z-Bereich: 0.000 bis -55.000 mm")
   25 N..... COMMENT("=== END SICHERHEITSPARAMETER ===")
   26 N..... COMMENT("=== Subroutine Definitions ===")
   27 N..... COMMENT("=== End Subroutines ===")
   28 N..... COMMENT("Werkzeug T01")
   29 N..... STRAIGHT_TRAVERSE(0.0000, 0.0000, 2.0000, 0.0000, 0.0000, 0.0000)
   30 N..... STRAIGHT_TRAVERSE(40.0000, 0.0000, 2.0000, 0.0000, 0.0000, 0.0000)
   31 N..... STOP_SPINDLE_TURNING(0)
   32 N..... MIST_OFF()
   33 N..... FLOOD_OFF()
   34 N..... COMMENT("Toolchange move")
   35 N..... STRAIGHT_TRAVERSE(75.0000, 0.0000, 300.0000, 0.0000, 0.0000, 0.0000)
   36 N..... SELECT_TOOL(1)
   37 N..... STOP_SPINDLE_TURNING(0)
   38 N..... CHANGE_TOOL()
   39 N..... STRAIGHT_TRAVERSE(40.0000, 0.0000, 2.0000, 0.0000, 0.0000, 0.0000)
   40 N..... COMMENT("Step 1: face")
   41 N..... COMMENT("STEP: Gesicht planen")
   42 N..... SET_SPINDLE_MODE(0 0.0000)
   43 N..... SET_SPINDLE_SPEED(0, 2000.0000)
   44 N..... START_SPINDLE_CLOCKWISE(0)
   45 N..... FLOOD_ON()
   46 N..... SET_FEED_RATE(0.1000)
   47 N..... COMMENT("Anfahren vor Zyklus")
   48 N..... STRAIGHT_TRAVERSE(20.0000, 0.0000, 2.0000, 0.0000, 0.0000, 0.0000)
   49 N..... STRAIGHT_TRAVERSE(20.0000, 0.0000, 2.0000, 0.0000, 0.0000, 0.0000)
   50 N..... STRAIGHT_TRAVERSE(20.0000, 0.0000, 2.0000, 0.0000, 0.0000, 0.0000)
   51 N..... STRAIGHT_TRAVERSE(20.0000, 0.0000, 2.0000, 0.0000, 0.0000, 0.0000)
   52 N..... STRAIGHT_FEED(0.0000, 0.0000, 2.0000, 0.0000, 0.0000, 0.0000)
   53 N..... STRAIGHT_TRAVERSE(1.0000, 0.0000, 3.0000, 0.0000, 0.0000, 0.0000)
   54 N..... STRAIGHT_TRAVERSE(19.0000, 0.0000, 3.0000, 0.0000, 0.0000, 0.0000)
   55 N..... STRAIGHT_TRAVERSE(20.0000, 0.0000, 2.0000, 0.0000, 0.0000, 0.0000)
   56 N..... STRAIGHT_TRAVERSE(20.0000, 0.0000, 1.9500, 0.0000, 0.0000, 0.0000)
   57 N..... STRAIGHT_FEED(0.0000, 0.0000, 1.9500, 0.0000, 0.0000, 0.0000)
   58 N..... STRAIGHT_TRAVERSE(1.0000, 0.0000, 2.9500, 0.0000, 0.0000, 0.0000)
   59 N..... STRAIGHT_TRAVERSE(19.0000, 0.0000, 2.9500, 0.0000, 0.0000, 0.0000)
   60 N..... STRAIGHT_TRAVERSE(20.0000, 0.0000, 1.9500, 0.0000, 0.0000, 0.0000)
   61 N..... STRAIGHT_TRAVERSE(20.0000, 0.0000, 1.9000, 0.0000, 0.0000, 0.0000)
   62 N..... STRAIGHT_FEED(0.0000, 0.0000, 1.9000, 0.0000, 0.0000, 0.0000)
   63 N..... STRAIGHT_TRAVERSE(1.0000, 0.0000, 2.9000, 0.0000, 0.0000, 0.0000)
   64 N..... STRAIGHT_TRAVERSE(19.0000, 0.0000, 2.9000, 0.0000, 0.0000, 0.0000)
   65 N..... STRAIGHT_TRAVERSE(20.0000, 0.0000, 1.9000, 0.0000, 0.0000, 0.0000)
   66 N..... STRAIGHT_TRAVERSE(20.0000, 0.0000, 1.8500, 0.0000, 0.0000, 0.0000)
   67 N..... STRAIGHT_FEED(0.0000, 0.0000, 1.8500, 0.0000, 0.0000, 0.0000)
   68 N..... STRAIGHT_TRAVERSE(1.0000, 0.0000, 2.8500, 0.0000, 0.0000, 0.0000)
   69 N..... STRAIGHT_TRAVERSE(19.0000, 0.0000, 2.8500, 0.0000, 0.0000, 0.0000)
   70 N..... STRAIGHT_TRAVERSE(20.0000, 0.0000, 1.8500, 0.0000, 0.0000, 0.0000)
   71 N..... STRAIGHT_TRAVERSE(20.0000, 0.0000, 1.8000, 0.0000, 0.0000, 0.0000)
   72 N..... STRAIGHT_FEED(0.0000, 0.0000, 1.8000, 0.0000, 0.0000, 0.0000)
   73 N..... STRAIGHT_TRAVERSE(1.0000, 0.0000, 2.8000, 0.0000, 0.0000, 0.0000)
   74 N..... STRAIGHT_TRAVERSE(19.0000, 0.0000, 2.8000, 0.0000, 0.0000, 0.0000)
   75 N..... STRAIGHT_TRAVERSE(20.0000, 0.0000, 1.8000, 0.0000, 0.0000, 0.0000)
   76 N..... STRAIGHT_TRAVERSE(20.0000, 0.0000, 1.7500, 0.0000, 0.0000, 0.0000)
   77 N..... STRAIGHT_FEED(0.0000, 0.0000, 1.7500, 0.0000, 0.0000, 0.0000)
   78 N..... STRAIGHT_TRAVERSE(1.0000, 0.0000, 2.7500, 0.0000, 0.0000, 0.0000)
   79 N..... STRAIGHT_TRAVERSE(19.0000, 0.0000, 2.7500, 0.0000, 0.0000, 0.0000)
   80 N..... STRAIGHT_TRAVERSE(20.0000, 0.0000, 1.7500, 0.0000, 0.0000, 0.0000)
   81 N..... STRAIGHT_TRAVERSE(20.0000, 0.0000, 1.7000, 0.0000, 0.0000, 0.0000)
   82 N..... STRAIGHT_FEED(0.0000, 0.0000, 1.7000, 0.0000, 0.0000, 0.0000)
   83 N..... STRAIGHT_TRAVERSE(1.0000, 0.0000, 2.7000, 0.0000, 0.0000, 0.0000)
   84 N..... STRAIGHT_TRAVERSE(19.0000, 0.0000, 2.7000, 0.0000, 0.0000, 0.0000)
   85 N..... STRAIGHT_TRAVERSE(20.0000, 0.0000, 1.7000, 0.0000, 0.0000, 0.0000)
   86 N..... STRAIGHT_TRAVERSE(20.0000, 0.0000, 1.6500, 0.0000, 0.0000, 0.0000)
   87 N..... STRAIGHT_FEED(0.0000, 0.0000, 1.6500, 0.0000, 0.0000, 0.0000)
   88 N..... STRAIGHT_TRAVERSE(1.0000, 0.0000, 2.6500, 0.0000, 0.0000, 0.0000)
   89 N..... STRAIGHT_TRAVERSE(19.0000, 0.0000, 2.6500, 0.0000, 0.0000, 0.0000)
   90 N..... STRAIGHT_TRAVERSE(20.0000, 0.0000, 1.6500, 0.0000, 0.0000, 0.0000)
   91 N..... STRAIGHT_TRAVERSE(20.0000, 0.0000, 1.6000, 0.0000, 0.0000, 0.0000)
   92 N..... STRAIGHT_FEED(0.0000, 0.0000, 1.6000, 0.0000, 0.0000, 0.0000)
   93 N..... STRAIGHT_TRAVERSE(1.0000, 0.0000, 2.6000, 0.0000, 0.0000, 0.0000)
   94 N..... STRAIGHT_TRAVERSE(19.0000, 0.0000, 2.6000, 0.0000, 0.0000, 0.0000)
   95 N..... STRAIGHT_TRAVERSE(20.0000, 0.0000, 1.6000, 0.0000, 0.0000, 0.0000)
   96 N..... STRAIGHT_TRAVERSE(20.0000, 0.0000, 1.5500, 0.0000, 0.0000, 0.0000)
   97 N..... STRAIGHT_FEED(0.0000, 0.0000, 1.5500, 0.0000, 0.0000, 0.0000)
   98 N..... STRAIGHT_TRAVERSE(1.0000, 0.0000, 2.5500, 0.0000, 0.0000, 0.0000)
   99 N..... STRAIGHT_TRAVERSE(19.0000, 0.0000, 2.5500, 0.0000, 0.0000, 0.0000)
  100 N..... STRAIGHT_TRAVERSE(20.0000, 0.0000, 1.5500, 0.0000, 0.0000, 0.0000)
  101 N..... STRAIGHT_TRAVERSE(20.0000, 0.0000, 1.5000, 0.0000, 0.0000, 0.0000)
  102 N..... STRAIGHT_FEED(0.0000, 0.0000, 1.5000, 0.0000, 0.0000, 0.0000)
  103 N..... STRAIGHT_TRAVERSE(1.0000, 0.0000, 2.5000, 0.0000, 0.0000, 0.0000)
  104 N..... STRAIGHT_TRAVERSE(19.0000, 0.0000, 2.5000, 0.0000, 0.0000, 0.0000)
  105 N..... STRAIGHT_TRAVERSE(20.0000, 0.0000, 1.5000, 0.0000, 0.0000, 0.0000)
  106 N..... STRAIGHT_TRAVERSE(20.0000, 0.0000, 1.4500, 0.0000, 0.0000, 0.0000)
  107 N..... STRAIGHT_FEED(0.0000, 0.0000, 1.4500, 0.0000, 0.0000, 0.0000)
  108 N..... STRAIGHT_TRAVERSE(1.0000, 0.0000, 2.4500, 0.0000, 0.0000, 0.0000)
  109 N..... STRAIGHT_TRAVERSE(19.0000, 0.0000, 2.4500, 0.0000, 0.0000, 0.0000)
  110 N..... STRAIGHT_TRAVERSE(20.0000, 0.0000, 1.4500, 0.0000, 0.0000, 0.0000)
  111 N..... STRAIGHT_TRAVERSE(20.0000, 0.0000, 1.4000, 0.0000, 0.0000, 0.0000)
  112 N..... STRAIGHT_FEED(0.0000, 0.0000, 1.4000, 0.0000, 0.0000, 0.0000)
  113 N..... STRAIGHT_TRAVERSE(1.0000, 0.0000, 2.4000, 0.0000, 0.0000, 0.0000)
  114 N..... STRAIGHT_TRAVERSE(19.0000, 0.0000, 2.4000, 0.0000, 0.0000, 0.0000)
  115 N..... STRAIGHT_TRAVERSE(20.0000, 0.0000, 1.4000, 0.0000, 0.0000, 0.0000)
  116 N..... STRAIGHT_TRAVERSE(20.0000, 0.0000, 1.3500, 0.0000, 0.0000, 0.0000)
  117 N..... STRAIGHT_FEED(0.0000, 0.0000, 1.3500, 0.0000, 0.0000, 0.0000)
  118 N..... STRAIGHT_TRAVERSE(1.0000, 0.0000, 2.3500, 0.0000, 0.0000, 0.0000)
  119 N..... STRAIGHT_TRAVERSE(19.0000, 0.0000, 2.3500, 0.0000, 0.0000, 0.0000)
  120 N..... STRAIGHT_TRAVERSE(20.0000, 0.0000, 1.3500, 0.0000, 0.0000, 0.0000)
  121 N..... STRAIGHT_TRAVERSE(20.0000, 0.0000, 1.3000, 0.0000, 0.0000, 0.0000)
  122 N..... STRAIGHT_FEED(0.0000, 0.0000, 1.3000, 0.0000, 0.0000, 0.0000)
  123 N..... STRAIGHT_TRAVERSE(1.0000, 0.0000, 2.3000, 0.0000, 0.0000, 0.0000)
  124 N..... STRAIGHT_TRAVERSE(19.0000, 0.0000, 2.3000, 0.0000, 0.0000, 0.0000)
  125 N..... STRAIGHT_TRAVERSE(20.0000, 0.0000, 1.3000, 0.0000, 0.0000, 0.0000)
  126 N..... STRAIGHT_TRAVERSE(20.0000, 0.0000, 1.2500, 0.0000, 0.0000, 0.0000)
  127 N..... STRAIGHT_FEED(0.0000, 0.0000, 1.2500, 0.0000, 0.0000, 0.0000)
  128 N..... STRAIGHT_TRAVERSE(1.0000, 0.0000, 2.2500, 0.0000, 0.0000, 0.0000)
  129 N..... STRAIGHT_TRAVERSE(19.0000, 0.0000, 2.2500, 0.0000, 0.0000, 0.0000)
  130 N..... STRAIGHT_TRAVERSE(20.0000, 0.0000, 1.2500, 0.0000, 0.0000, 0.0000)
  131 N..... STRAIGHT_TRAVERSE(20.0000, 0.0000, 1.2000, 0.0000, 0.0000, 0.0000)
  132 N..... STRAIGHT_FEED(0.0000, 0.0000, 1.2000, 0.0000, 0.0000, 0.0000)
  133 N..... STRAIGHT_TRAVERSE(1.0000, 0.0000, 2.2000, 0.0000, 0.0000, 0.0000)
  134 N..... STRAIGHT_TRAVERSE(19.0000, 0.0000, 2.2000, 0.0000, 0.0000, 0.0000)
  135 N..... STRAIGHT_TRAVERSE(20.0000, 0.0000, 1.2000, 0.0000, 0.0000, 0.0000)
  136 N..... STRAIGHT_TRAVERSE(20.0000, 0.0000, 1.1500, 0.0000, 0.0000, 0.0000)
  137 N..... STRAIGHT_FEED(0.0000, 0.0000, 1.1500, 0.0000, 0.0000, 0.0000)
  138 N..... STRAIGHT_TRAVERSE(1.0000, 0.0000, 2.1500, 0.0000, 0.0000, 0.0000)
  139 N..... STRAIGHT_TRAVERSE(19.0000, 0.0000, 2.1500, 0.0000, 0.0000, 0.0000)
  140 N..... STRAIGHT_TRAVERSE(20.0000, 0.0000, 1.1500, 0.0000, 0.0000, 0.0000)
  141 N..... STRAIGHT_TRAVERSE(20.0000, 0.0000, 1.1000, 0.0000, 0.0000, 0.0000)
  142 N..... STRAIGHT_FEED(0.0000, 0.0000, 1.1000, 0.0000, 0.0000, 0.0000)
  143 N..... STRAIGHT_TRAVERSE(1.0000, 0.0000, 2.1000, 0.0000, 0.0000, 0.0000)
  144 N..... STRAIGHT_TRAVERSE(19.0000, 0.0000, 2.1000, 0.0000, 0.0000, 0.0000)
  145 N..... STRAIGHT_TRAVERSE(20.0000, 0.0000, 1.1000, 0.0000, 0.0000, 0.0000)
  146 N..... STRAIGHT_TRAVERSE(20.0000, 0.0000, 1.0500, 0.0000, 0.0000, 0.0000)
  147 N..... STRAIGHT_FEED(0.0000, 0.0000, 1.0500, 0.0000, 0.0000, 0.0000)
  148 N..... STRAIGHT_TRAVERSE(1.0000, 0.0000, 2.0500, 0.0000, 0.0000, 0.0000)
  149 N..... STRAIGHT_TRAVERSE(19.0000, 0.0000, 2.0500, 0.0000, 0.0000, 0.0000)
  150 N..... STRAIGHT_TRAVERSE(20.0000, 0.0000, 1.0500, 0.0000, 0.0000, 0.0000)
  151 N..... STRAIGHT_TRAVERSE(20.0000, 0.0000, 1.0000, 0.0000, 0.0000, 0.0000)
  152 N..... STRAIGHT_FEED(0.0000, 0.0000, 1.0000, 0.0000, 0.0000, 0.0000)
  153 N..... STRAIGHT_TRAVERSE(1.0000, 0.0000, 2.0000, 0.0000, 0.0000, 0.0000)
  154 N..... STRAIGHT_TRAVERSE(19.0000, 0.0000, 2.0000, 0.0000, 0.0000, 0.0000)
  155 N..... STRAIGHT_TRAVERSE(20.0000, 0.0000, 1.0000, 0.0000, 0.0000, 0.0000)
  156 N..... STRAIGHT_TRAVERSE(20.0000, 0.0000, 0.9500, 0.0000, 0.0000, 0.0000)
  157 N..... STRAIGHT_FEED(0.0000, 0.0000, 0.9500, 0.0000, 0.0000, 0.0000)
  158 N..... STRAIGHT_TRAVERSE(1.0000, 0.0000, 1.9500, 0.0000, 0.0000, 0.0000)
  159 N..... STRAIGHT_TRAVERSE(19.0000, 0.0000, 1.9500, 0.0000, 0.0000, 0.0000)
  160 N..... STRAIGHT_TRAVERSE(20.0000, 0.0000, 0.9500, 0.0000, 0.0000, 0.0000)
  161 N..... STRAIGHT_TRAVERSE(20.0000, 0.0000, 0.9000, 0.0000, 0.0000, 0.0000)
  162 N..... STRAIGHT_FEED(0.0000, 0.0000, 0.9000, 0.0000, 0.0000, 0.0000)
  163 N..... STRAIGHT_TRAVERSE(1.0000, 0.0000, 1.9000, 0.0000, 0.0000, 0.0000)
  164 N..... STRAIGHT_TRAVERSE(19.0000, 0.0000, 1.9000, 0.0000, 0.0000, 0.0000)
  165 N..... STRAIGHT_TRAVERSE(20.0000, 0.0000, 0.9000, 0.0000, 0.0000, 0.0000)
  166 N..... STRAIGHT_TRAVERSE(20.0000, 0.0000, 0.8500, 0.0000, 0.0000, 0.0000)
  167 N..... STRAIGHT_FEED(0.0000, 0.0000, 0.8500, 0.0000, 0.0000, 0.0000)
  168 N..... STRAIGHT_TRAVERSE(1.0000, 0.0000, 1.8500, 0.0000, 0.0000, 0.0000)
  169 N..... STRAIGHT_TRAVERSE(19.0000, 0.0000, 1.8500, 0.0000, 0.0000, 0.0000)
  170 N..... STRAIGHT_TRAVERSE(20.0000, 0.0000, 0.8500, 0.0000, 0.0000, 0.0000)
  171 N..... STRAIGHT_TRAVERSE(20.0000, 0.0000, 0.8000, 0.0000, 0.0000, 0.0000)
  172 N..... STRAIGHT_FEED(0.0000, 0.0000, 0.8000, 0.0000, 0.0000, 0.0000)
  173 N..... STRAIGHT_TRAVERSE(1.0000, 0.0000, 1.8000, 0.0000, 0.0000, 0.0000)
  174 N..... STRAIGHT_TRAVERSE(19.0000, 0.0000, 1.8000, 0.0000, 0.0000, 0.0000)
  175 N..... STRAIGHT_TRAVERSE(20.0000, 0.0000, 0.8000, 0.0000, 0.0000, 0.0000)
  176 N..... STRAIGHT_TRAVERSE(20.0000, 0.0000, 0.7500, 0.0000, 0.0000, 0.0000)
  177 N..... STRAIGHT_FEED(0.0000, 0.0000, 0.7500, 0.0000, 0.0000, 0.0000)
  178 N..... STRAIGHT_TRAVERSE(1.0000, 0.0000, 1.7500, 0.0000, 0.0000, 0.0000)
  179 N..... STRAIGHT_TRAVERSE(19.0000, 0.0000, 1.7500, 0.0000, 0.0000, 0.0000)
  180 N..... STRAIGHT_TRAVERSE(20.0000, 0.0000, 0.7500, 0.0000, 0.0000, 0.0000)
  181 N..... STRAIGHT_TRAVERSE(20.0000, 0.0000, 0.7000, 0.0000, 0.0000, 0.0000)
  182 N..... STRAIGHT_FEED(0.0000, 0.0000, 0.7000, 0.0000, 0.0000, 0.0000)
  183 N..... STRAIGHT_TRAVERSE(1.0000, 0.0000, 1.7000, 0.0000, 0.0000, 0.0000)
  184 N..... STRAIGHT_TRAVERSE(19.0000, 0.0000, 1.7000, 0.0000, 0.0000, 0.0000)
  185 N..... STRAIGHT_TRAVERSE(20.0000, 0.0000, 0.7000, 0.0000, 0.0000, 0.0000)
  186 N..... STRAIGHT_TRAVERSE(20.0000, 0.0000, 0.6500, 0.0000, 0.0000, 0.0000)
  187 N..... STRAIGHT_FEED(0.0000, 0.0000, 0.6500, 0.0000, 0.0000, 0.0000)
  188 N..... STRAIGHT_TRAVERSE(1.0000, 0.0000, 1.6500, 0.0000, 0.0000, 0.0000)
  189 N..... STRAIGHT_TRAVERSE(19.0000, 0.0000, 1.6500, 0.0000, 0.0000, 0.0000)
  190 N..... STRAIGHT_TRAVERSE(20.0000, 0.0000, 0.6500, 0.0000, 0.0000, 0.0000)
  191 N..... STRAIGHT_TRAVERSE(20.0000, 0.0000, 0.6000, 0.0000, 0.0000, 0.0000)
  192 N..... STRAIGHT_FEED(0.0000, 0.0000, 0.6000, 0.0000, 0.0000, 0.0000)
  193 N..... STRAIGHT_TRAVERSE(1.0000, 0.0000, 1.6000, 0.0000, 0.0000, 0.0000)
  194 N..... STRAIGHT_TRAVERSE(19.0000, 0.0000, 1.6000, 0.0000, 0.0000, 0.0000)
  195 N..... STRAIGHT_TRAVERSE(20.0000, 0.0000, 0.6000, 0.0000, 0.0000, 0.0000)
  196 N..... STRAIGHT_TRAVERSE(20.0000, 0.0000, 0.5500, 0.0000, 0.0000, 0.0000)
  197 N..... STRAIGHT_FEED(0.0000, 0.0000, 0.5500, 0.0000, 0.0000, 0.0000)
  198 N..... STRAIGHT_TRAVERSE(1.0000, 0.0000, 1.5500, 0.0000, 0.0000, 0.0000)
  199 N..... STRAIGHT_TRAVERSE(19.0000, 0.0000, 1.5500, 0.0000, 0.0000, 0.0000)
  200 N..... STRAIGHT_TRAVERSE(20.0000, 0.0000, 0.5500, 0.0000, 0.0000, 0.0000)
  201 N..... STRAIGHT_TRAVERSE(20.0000, 0.0000, 0.5000, 0.0000, 0.0000, 0.0000)
  202 N..... STRAIGHT_FEED(0.0000, 0.0000, 0.5000, 0.0000, 0.0000, 0.0000)
  203 N..... STRAIGHT_TRAVERSE(1.0000, 0.0000, 1.5000, 0.0000, 0.0000, 0.0000)
  204 N..... STRAIGHT_TRAVERSE(19.0000, 0.0000, 1.5000, 0.0000, 0.0000, 0.0000)
  205 N..... STRAIGHT_TRAVERSE(20.0000, 0.0000, 0.5000, 0.0000, 0.0000, 0.0000)
  206 N..... STRAIGHT_TRAVERSE(20.0000, 0.0000, 0.4500, 0.0000, 0.0000, 0.0000)
  207 N..... STRAIGHT_FEED(0.0000, 0.0000, 0.4500, 0.0000, 0.0000, 0.0000)
  208 N..... STRAIGHT_TRAVERSE(1.0000, 0.0000, 1.4500, 0.0000, 0.0000, 0.0000)
  209 N..... STRAIGHT_TRAVERSE(19.0000, 0.0000, 1.4500, 0.0000, 0.0000, 0.0000)
  210 N..... STRAIGHT_TRAVERSE(20.0000, 0.0000, 0.4500, 0.0000, 0.0000, 0.0000)
  211 N..... STRAIGHT_TRAVERSE(20.0000, 0.0000, 0.4000, 0.0000, 0.0000, 0.0000)
  212 N..... STRAIGHT_FEED(0.0000, 0.0000, 0.4000, 0.0000, 0.0000, 0.0000)
  213 N..... STRAIGHT_TRAVERSE(1.0000, 0.0000, 1.4000, 0.0000, 0.0000, 0.0000)
  214 N..... STRAIGHT_TRAVERSE(19.0000, 0.0000, 1.4000, 0.0000, 0.0000, 0.0000)
  215 N..... STRAIGHT_TRAVERSE(20.0000, 0.0000, 0.4000, 0.0000, 0.0000, 0.0000)
  216 N..... STRAIGHT_TRAVERSE(20.0000, 0.0000, 0.3500, 0.0000, 0.0000, 0.0000)
  217 N..... STRAIGHT_FEED(0.0000, 0.0000, 0.3500, 0.0000, 0.0000, 0.0000)
  218 N..... STRAIGHT_TRAVERSE(1.0000, 0.0000, 1.3500, 0.0000, 0.0000, 0.0000)
  219 N..... STRAIGHT_TRAVERSE(19.0000, 0.0000, 1.3500, 0.0000, 0.0000, 0.0000)
  220 N..... STRAIGHT_TRAVERSE(20.0000, 0.0000, 0.3500, 0.0000, 0.0000, 0.0000)
  221 N..... STRAIGHT_TRAVERSE(20.0000, 0.0000, 0.3000, 0.0000, 0.0000, 0.0000)
  222 N..... STRAIGHT_FEED(0.0000, 0.0000, 0.3000, 0.0000, 0.0000, 0.0000)
  223 N..... STRAIGHT_TRAVERSE(1.0000, 0.0000, 1.3000, 0.0000, 0.0000, 0.0000)
  224 N..... STRAIGHT_TRAVERSE(19.0000, 0.0000, 1.3000, 0.0000, 0.0000, 0.0000)
  225 N..... STRAIGHT_TRAVERSE(20.0000, 0.0000, 0.3000, 0.0000, 0.0000, 0.0000)
  226 N..... STRAIGHT_TRAVERSE(20.0000, 0.0000, 0.2500, 0.0000, 0.0000, 0.0000)
  227 N..... STRAIGHT_FEED(0.0000, 0.0000, 0.2500, 0.0000, 0.0000, 0.0000)
  228 N..... STRAIGHT_TRAVERSE(1.0000, 0.0000, 1.2500, 0.0000, 0.0000, 0.0000)
  229 N..... STRAIGHT_TRAVERSE(19.0000, 0.0000, 1.2500, 0.0000, 0.0000, 0.0000)
  230 N..... STRAIGHT_TRAVERSE(20.0000, 0.0000, 0.2500, 0.0000, 0.0000, 0.0000)
  231 N..... STRAIGHT_TRAVERSE(20.0000, 0.0000, 0.2000, 0.0000, 0.0000, 0.0000)
  232 N..... STRAIGHT_FEED(0.0000, 0.0000, 0.2000, 0.0000, 0.0000, 0.0000)
  233 N..... STRAIGHT_TRAVERSE(1.0000, 0.0000, 1.2000, 0.0000, 0.0000, 0.0000)
  234 N..... STRAIGHT_TRAVERSE(19.0000, 0.0000, 1.2000, 0.0000, 0.0000, 0.0000)
  235 N..... STRAIGHT_TRAVERSE(20.0000, 0.0000, 0.2000, 0.0000, 0.0000, 0.0000)
  236 N..... STRAIGHT_TRAVERSE(20.0000, 0.0000, 0.1500, 0.0000, 0.0000, 0.0000)
  237 N..... STRAIGHT_FEED(0.0000, 0.0000, 0.1500, 0.0000, 0.0000, 0.0000)
  238 N..... STRAIGHT_TRAVERSE(1.0000, 0.0000, 1.1500, 0.0000, 0.0000, 0.0000)
  239 N..... STRAIGHT_TRAVERSE(19.0000, 0.0000, 1.1500, 0.0000, 0.0000, 0.0000)
  240 N..... STRAIGHT_TRAVERSE(20.0000, 0.0000, 0.1500, 0.0000, 0.0000, 0.0000)
  241 N..... STRAIGHT_TRAVERSE(20.0000, 0.0000, 0.1000, 0.0000, 0.0000, 0.0000)
  242 N..... STRAIGHT_FEED(0.0000, 0.0000, 0.1000, 0.0000, 0.0000, 0.0000)
  243 N..... STRAIGHT_TRAVERSE(1.0000, 0.0000, 1.1000, 0.0000, 0.0000, 0.0000)
  244 N..... STRAIGHT_TRAVERSE(19.0000, 0.0000, 1.1000, 0.0000, 0.0000, 0.0000)
  245 N..... STRAIGHT_TRAVERSE(20.0000, 0.0000, 0.1000, 0.0000, 0.0000, 0.0000)
  246 N..... STRAIGHT_TRAVERSE(20.0000, 0.0000, 0.0500, 0.0000, 0.0000, 0.0000)
  247 N..... STRAIGHT_FEED(0.0000, 0.0000, 0.0500, 0.0000, 0.0000, 0.0000)
  248 N..... STRAIGHT_TRAVERSE(1.0000, 0.0000, 1.0500, 0.0000, 0.0000, 0.0000)
  249 N..... STRAIGHT_TRAVERSE(19.0000, 0.0000, 1.0500, 0.0000, 0.0000, 0.0000)
  250 N..... STRAIGHT_TRAVERSE(20.0000, 0.0000, 0.0500, 0.0000, 0.0000, 0.0000)
  251 N..... STRAIGHT_TRAVERSE(20.0000, 0.0000, -0.0000, 0.0000, 0.0000, 0.0000)
  252 N..... STRAIGHT_FEED(19.0000, 0.0000, -0.0000, 0.0000, 0.0000, 0.0000)
  253 N..... STRAIGHT_TRAVERSE(19.5000, 0.0000, 0.5000, 0.0000, 0.0000, 0.0000)
  254 N..... STRAIGHT_TRAVERSE(19.5000, 0.0000, 0.5000, 0.0000, 0.0000, 0.0000)
  255 N..... STRAIGHT_TRAVERSE(20.0000, 0.0000, -0.0000, 0.0000, 0.0000, 0.0000)
  256 N..... STRAIGHT_TRAVERSE(20.0000, 0.0000, -0.0500, 0.0000, 0.0000, 0.0000)
  257 N..... STRAIGHT_FEED(19.3122, 0.0000, -0.0500, 0.0000, 0.0000, 0.0000)
  258 N..... STRAIGHT_TRAVERSE(19.6561, 0.0000, 0.2939, 0.0000, 0.0000, 0.0000)
  259 N..... STRAIGHT_TRAVERSE(19.6561, 0.0000, 0.2939, 0.0000, 0.0000, 0.0000)
  260 N..... STRAIGHT_TRAVERSE(20.0000, 0.0000, -0.0500, 0.0000, 0.0000, 0.0000)
  261 N..... STRAIGHT_TRAVERSE(20.0000, 0.0000, -0.1000, 0.0000, 0.0000, 0.0000)
  262 N..... STRAIGHT_FEED(19.4359, 0.0000, -0.1000, 0.0000, 0.0000, 0.0000)
  263 N..... STRAIGHT_TRAVERSE(19.7179, 0.0000, 0.1821, 0.0000, 0.0000, 0.0000)
  264 N..... STRAIGHT_TRAVERSE(19.7179, 0.0000, 0.1821, 0.0000, 0.0000, 0.0000)
  265 N..... STRAIGHT_TRAVERSE(20.0000, 0.0000, -0.1000, 0.0000, 0.0000, 0.0000)
  266 N..... STRAIGHT_TRAVERSE(20.0000, 0.0000, -0.1500, 0.0000, 0.0000, 0.0000)
  267 N..... STRAIGHT_FEED(19.5268, 0.0000, -0.1500, 0.0000, 0.0000, 0.0000)
  268 N..... STRAIGHT_TRAVERSE(19.7634, 0.0000, 0.0866, 0.0000, 0.0000, 0.0000)
  269 N..... STRAIGHT_TRAVERSE(19.7634, 0.0000, 0.0866, 0.0000, 0.0000, 0.0000)
  270 N..... STRAIGHT_TRAVERSE(20.0000, 0.0000, -0.1500, 0.0000, 0.0000, 0.0000)
  271 N..... STRAIGHT_TRAVERSE(20.0000, 0.0000, -0.2000, 0.0000, 0.0000, 0.0000)
  272 N..... STRAIGHT_FEED(19.6000, 0.0000, -0.2000, 0.0000, 0.0000, 0.0000)
  273 N..... STRAIGHT_TRAVERSE(19.8000, 0.0000, -0.0000, 0.0000, 0.0000, 0.0000)
  274 N..... STRAIGHT_TRAVERSE(19.8000, 0.0000, -0.0000, 0.0000, 0.0000, 0.0000)
  275 N..... STRAIGHT_TRAVERSE(20.0000, 0.0000, -0.2000, 0.0000, 0.0000, 0.0000)
  276 N..... STRAIGHT_TRAVERSE(20.0000, 0.0000, -0.2500, 0.0000, 0.0000, 0.0000)
  277 N..... STRAIGHT_FEED(19.6614, 0.0000, -0.2500, 0.0000, 0.0000, 0.0000)
  278 N..... STRAIGHT_TRAVERSE(19.8307, 0.0000, -0.0807, 0.0000, 0.0000, 0.0000)
  279 N..... STRAIGHT_TRAVERSE(19.8307, 0.0000, -0.0807, 0.0000, 0.0000, 0.0000)
  280 N..... STRAIGHT_TRAVERSE(20.0000, 0.0000, -0.2500, 0.0000, 0.0000, 0.0000)
  281 N..... STRAIGHT_TRAVERSE(20.0000, 0.0000, -0.3000, 0.0000, 0.0000, 0.0000)
  282 N..... STRAIGHT_FEED(19.7141, 0.0000, -0.3000, 0.0000, 0.0000, 0.0000)
  283 N..... STRAIGHT_TRAVERSE(19.8571, 0.0000, -0.1571, 0.0000, 0.0000, 0.0000)
  284 N..... STRAIGHT_TRAVERSE(19.8571, 0.0000, -0.1571, 0.0000, 0.0000, 0.0000)
  285 N..... STRAIGHT_TRAVERSE(20.0000, 0.0000, -0.3000, 0.0000, 0.0000, 0.0000)
  286 N..... STRAIGHT_TRAVERSE(20.0000, 0.0000, -0.3500, 0.0000, 0.0000, 0.0000)
  287 N..... STRAIGHT_FEED(19.7599, 0.0000, -0.3500, 0.0000, 0.0000, 0.0000)
  288 N..... STRAIGHT_TRAVERSE(19.8800, 0.0000, -0.2300, 0.0000, 0.0000, 0.0000)
  289 N..... STRAIGHT_TRAVERSE(19.8800, 0.0000, -0.2300, 0.0000, 0.0000, 0.0000)
  290 N..... STRAIGHT_TRAVERSE(20.0000, 0.0000, -0.3500, 0.0000, 0.0000, 0.0000)
  291 N..... STRAIGHT_TRAVERSE(20.0000, 0.0000, -0.4000, 0.0000, 0.0000, 0.0000)
  292 N..... STRAIGHT_FEED(19.8000, 0.0000, -0.4000, 0.0000, 0.0000, 0.0000)
  293 N..... STRAIGHT_TRAVERSE(19.9000, 0.0000, -0.3000, 0.0000, 0.0000, 0.0000)
  294 N..... STRAIGHT_TRAVERSE(19.9000, 0.0000, -0.3000, 0.0000, 0.0000, 0.0000)
  295 N..... STRAIGHT_TRAVERSE(20.0000, 0.0000, -0.4000, 0.0000, 0.0000, 0.0000)
  296 N..... STRAIGHT_TRAVERSE(20.0000, 0.0000, -0.4500, 0.0000, 0.0000, 0.0000)
  297 N..... STRAIGHT_FEED(19.8352, 0.0000, -0.4500, 0.0000, 0.0000, 0.0000)
  298 N..... STRAIGHT_TRAVERSE(19.9176, 0.0000, -0.3676, 0.0000, 0.0000, 0.0000)
  299 N..... STRAIGHT_TRAVERSE(19.9176, 0.0000, -0.3676, 0.0000, 0.0000, 0.0000)
  300 N..... STRAIGHT_TRAVERSE(20.0000, 0.0000, -0.4500, 0.0000, 0.0000, 0.0000)
  301 N..... STRAIGHT_TRAVERSE(20.0000, 0.0000, -0.5000, 0.0000, 0.0000, 0.0000)
  302 N..... STRAIGHT_FEED(19.8660, 0.0000, -0.5000, 0.0000, 0.0000, 0.0000)
  303 N..... STRAIGHT_TRAVERSE(19.9330, 0.0000, -0.4330, 0.0000, 0.0000, 0.0000)
  304 N..... STRAIGHT_TRAVERSE(19.9330, 0.0000, -0.4330, 0.0000, 0.0000, 0.0000)
  305 N..... STRAIGHT_TRAVERSE(20.0000, 0.0000, -0.5000, 0.0000, 0.0000, 0.0000)
  306 N..... STRAIGHT_TRAVERSE(20.0000, 0.0000, -0.5500, 0.0000, 0.0000, 0.0000)
  307 N..... STRAIGHT_FEED(19.8930, 0.0000, -0.5500, 0.0000, 0.0000, 0.0000)
  308 N..... STRAIGHT_TRAVERSE(19.9465, 0.0000, -0.4965, 0.0000, 0.0000, 0.0000)
  309 N..... STRAIGHT_TRAVERSE(19.9465, 0.0000, -0.4965, 0.0000, 0.0000, 0.0000)
  310 N..... STRAIGHT_TRAVERSE(20.0000, 0.0000, -0.5500, 0.0000, 0.0000, 0.0000)
  311 N..... STRAIGHT_TRAVERSE(20.0000, 0.0000, -0.6000, 0.0000, 0.0000, 0.0000)
  312 N..... STRAIGHT_FEED(19.9165, 0.0000, -0.6000, 0.0000, 0.0000, 0.0000)
  313 N..... STRAIGHT_TRAVERSE(19.9583, 0.0000, -0.5583, 0.0000, 0.0000, 0.0000)
  314 N..... STRAIGHT_TRAVERSE(19.9583, 0.0000, -0.5583, 0.0000, 0.0000, 0.0000)
  315 N..... STRAIGHT_TRAVERSE(20.0000, 0.0000, -0.6000, 0.0000, 0.0000, 0.0000)
  316 N..... STRAIGHT_TRAVERSE(20.0000, 0.0000, -0.6500, 0.0000, 0.0000, 0.0000)
  317 N..... STRAIGHT_FEED(19.9367, 0.0000, -0.6500, 0.0000, 0.0000, 0.0000)
  318 N..... STRAIGHT_TRAVERSE(19.9684, 0.0000, -0.6184, 0.0000, 0.0000, 0.0000)
  319 N..... STRAIGHT_TRAVERSE(19.9684, 0.0000, -0.6184, 0.0000, 0.0000, 0.0000)
  320 N..... STRAIGHT_TRAVERSE(20.0000, 0.0000, -0.6500, 0.0000, 0.0000, 0.0000)
  321 N..... STRAIGHT_TRAVERSE(20.0000, 0.0000, -0.7000, 0.0000, 0.0000, 0.0000)
  322 N..... STRAIGHT_FEED(19.9539, 0.0000, -0.7000, 0.0000, 0.0000, 0.0000)
  323 N..... STRAIGHT_TRAVERSE(19.9770, 0.0000, -0.6770, 0.0000, 0.0000, 0.0000)
  324 N..... STRAIGHT_TRAVERSE(19.9770, 0.0000, -0.6770, 0.0000, 0.0000, 0.0000)
  325 N..... STRAIGHT_TRAVERSE(20.0000, 0.0000, -0.7000, 0.0000, 0.0000, 0.0000)
  326 N..... STRAIGHT_TRAVERSE(20.0000, 0.0000, -0.7500, 0.0000, 0.0000, 0.0000)
  327 N..... STRAIGHT_FEED(19.9682, 0.0000, -0.7500, 0.0000, 0.0000, 0.0000)
  328 N..... STRAIGHT_TRAVERSE(19.9841, 0.0000, -0.7341, 0.0000, 0.0000, 0.0000)
  329 N..... STRAIGHT_TRAVERSE(19.9841, 0.0000, -0.7341, 0.0000, 0.0000, 0.0000)
  330 N..... STRAIGHT_TRAVERSE(20.0000, 0.0000, -0.7500, 0.0000, 0.0000, 0.0000)
  331 N..... STRAIGHT_TRAVERSE(20.0000, 0.0000, -0.8000, 0.0000, 0.0000, 0.0000)
  332 N..... STRAIGHT_FEED(19.9798, 0.0000, -0.8000, 0.0000, 0.0000, 0.0000)
  333 N..... STRAIGHT_TRAVERSE(19.9899, 0.0000, -0.7899, 0.0000, 0.0000, 0.0000)
  334 N..... STRAIGHT_TRAVERSE(19.9899, 0.0000, -0.7899, 0.0000, 0.0000, 0.0000)
  335 N..... STRAIGHT_TRAVERSE(20.0000, 0.0000, -0.8000, 0.0000, 0.0000, 0.0000)
  336 N..... STRAIGHT_TRAVERSE(20.0000, 0.0000, -0.8500, 0.0000, 0.0000, 0.0000)
  337 N..... STRAIGHT_FEED(19.9887, 0.0000, -0.8500, 0.0000, 0.0000, 0.0000)
  338 N..... STRAIGHT_TRAVERSE(19.9943, 0.0000, -0.8443, 0.0000, 0.0000, 0.0000)
  339 N..... STRAIGHT_TRAVERSE(19.9943, 0.0000, -0.8443, 0.0000, 0.0000, 0.0000)
  340 N..... STRAIGHT_TRAVERSE(20.0000, 0.0000, -0.8500, 0.0000, 0.0000, 0.0000)
  341 N..... STRAIGHT_TRAVERSE(20.0000, 0.0000, -0.9000, 0.0000, 0.0000, 0.0000)
  342 N..... STRAIGHT_FEED(19.9950, 0.0000, -0.9000, 0.0000, 0.0000, 0.0000)
  343 N..... STRAIGHT_TRAVERSE(19.9975, 0.0000, -0.8975, 0.0000, 0.0000, 0.0000)
  344 N..... STRAIGHT_TRAVERSE(19.9975, 0.0000, -0.8975, 0.0000, 0.0000, 0.0000)
  345 N..... STRAIGHT_TRAVERSE(20.0000, 0.0000, -0.9000, 0.0000, 0.0000, 0.0000)
  346 N..... STRAIGHT_TRAVERSE(20.0000, 0.0000, -0.9500, 0.0000, 0.0000, 0.0000)
  347 N..... STRAIGHT_FEED(19.9987, 0.0000, -0.9500, 0.0000, 0.0000, 0.0000)
  348 N..... STRAIGHT_TRAVERSE(19.9994, 0.0000, -0.9494, 0.0000, 0.0000, 0.0000)
  349 N..... STRAIGHT_TRAVERSE(19.9994, 0.0000, -0.9494, 0.0000, 0.0000, 0.0000)
  350 N..... STRAIGHT_TRAVERSE(20.0000, 0.0000, -0.9500, 0.0000, 0.0000, 0.0000)
  351 N..... STRAIGHT_TRAVERSE(20.0000, 0.0000, -1.0000, 0.0000, 0.0000, 0.0000)
  352 N..... ARC_FEED(-0.0000, 19.0000, -1.0000, 19.0000, -1, 0.0000, 0.0000, 0.0000, 0.0000)
  353 N..... STRAIGHT_FEED(0.0000, 0.0000, -0.0000, 0.0000, 0.0000, 0.0000)
  354 N..... STRAIGHT_FEED(0.0000, 0.0000, 2.0000, 0.0000, 0.0000, 0.0000)
  355 N..... STRAIGHT_TRAVERSE(20.0000, 0.0000, 2.0000, 0.0000, 0.0000, 0.0000)
  356 N..... STRAIGHT_TRAVERSE(20.0000, 0.0000, 2.0000, 0.0000, 0.0000, 0.0000)
  357 N..... STRAIGHT_TRAVERSE(20.0000, 0.0000, -1.0000, 0.0000, 0.0000, 0.0000)
  358 N..... ARC_FEED(-0.0000, 19.0000, -1.0000, 19.0000, -1, 0.0000, 0.0000, 0.0000, 0.0000)
  359 N..... STRAIGHT_FEED(0.0000, 0.0000, -0.0000, 0.0000, 0.0000, 0.0000)
  360 N..... STRAIGHT_TRAVERSE(40.0000, 0.0000, -0.0000, 0.0000, 0.0000, 0.0000)
  361 N..... STRAIGHT_TRAVERSE(40.0000, 0.0000, 2.0000, 0.0000, 0.0000, 0.0000)
  362 N..... COMMENT("Werkzeugwechselpunkt am Ende")
  363 N..... STRAIGHT_TRAVERSE(75.0000, 0.0000, 300.0000, 0.0000, 0.0000, 0.0000)
  364 N..... STOP_SPINDLE_TURNING(0)
  365 N..... MIST_OFF()
  366 N..... FLOOD_OFF()
  367 N..... SET_G5X_OFFSET(1, 0.0000, 0.0000, 0.0000, 0.0000, 0.0000, 0.0000)
  368 N..... SET_XY_ROTATION(0.0000)
  369 N..... SELECT_PLANE(CANON_PLANE_XY)
  370 N..... SET_FEED_MODE(0, 0)
  371 N..... SET_FEED_RATE(0.0000)
  372 N..... STOP_SPINDLE_TURNING(0)
  373 N..... SET_SPINDLE_MODE(0 0.0000)
  374 N..... PALLET_SHUTTLE()
  375 N..... PROGRAM_END()
  376 N..... ON_RESET()
  377 N..... ON_RESET()
executing
link (updating variable file): No such file or directory
